,ngram,FR_term_frequency,EN_term_frequency,delta
0,main,18672969,18927173,254204
1,population,16043438,15433654,609784
2,centre,15170128,14215362,954766
3,services,13671732,13835816,164084
4,prince,14036101,13553833,482268
5,relations,13165293,13362249,196956
6,date,13163807,12499495,664312
7,questions,12673489,12107288,566201
8,nation,10326111,10969993,643882
9,impossible,9712806,10691993,979187
10,decision,9692112,10559663,867551
11,passage,11298587,10523276,775311
12,image,9491510,9018973,472537
13,causes,8957412,8963824,6412
14,protection,8085063,8321898,236835
15,consequence,9061360,8280552,780808
16,resistance,8139596,8073994,65602
17,continue,7337870,7931723,593853
18,classes,7975395,7842594,132801
19,police,8165216,7718249,446967
20,doctrine,7359777,7640840,281063
21,absence,8556702,7631005,925697
22,actions,8038369,7451488,586881
23,institutions,7634463,7163942,470521
24,opposition,7986256,7112639,873617
25,effort,6678367,7044457,366090
26,details,6482478,6977498,495020
27,u,7321348,6927510,393838
28,interpretation,5882657,6673661,791004
29,definition,5626645,6605142,978497
30,theatre,7024888,6590141,434747
31,composition,6466606,6501995,35389
32,substance,5480428,6468899,988471
33,credit,6797863,6391273,406590
34,conference,6670180,6359008,311172
35,determine,6315969,6246391,69578
36,transport,6338218,6120679,217539
37,extreme,6008804,6078991,70187
38,attitude,5805425,5882291,76866
39,fortune,5591341,5801405,210064
40,notion,6598818,5772280,826538
41,silence,5829486,5726845,102641
42,grave,5699477,5656287,43190
43,maximum,5184039,5644593,460554
44,procedure,5633736,5641213,7477
45,von,5748264,5543448,204816
46,representation,6227490,5482258,745232
47,joseph,4691629,5412898,721269
48,plans,4442350,5363928,921578
49,instrument,4637791,5347459,709668
50,reduction,4657836,5298748,640912
51,impression,5854992,5268969,586023
52,intention,5678996,5236264,442732
53,resolution,4331218,5140604,809386
54,publication,5336075,5041201,294874
55,decisions,4797336,4943838,146502
56,imagination,4276903,4921775,644872
57,images,4855672,4875630,19958
58,tend,3882424,4842757,960333
59,hotel,4545699,4747466,201767
60,satisfaction,3893482,4696858,803376
61,canada,4223311,4612758,389447
62,opinions,3886105,4571791,685686
63,preparation,4026798,4534822,508024
64,institution,5400050,4481553,918497
65,depend,4191673,4470020,278347
66,berlin,4428094,4421848,6246
67,vice,5044149,4406404,637745
68,perspective,3869453,4379091,509638
69,supreme,4026315,4377730,351415
70,300,3740701,4369896,629195
71,instruments,3826562,4314519,487957
72,minimum,3712185,4244306,532121
73,phrase,3587908,4232532,644624
74,courage,4407467,4181237,226230
75,don,4818772,4131971,686801
76,extension,4340131,4104491,235640
77,1965,3153985,4075244,921259
78,discipline,3387072,4060082,673010
79,contribution,3701884,4032469,330585
80,1966,3044655,4028113,983458
81,succession,4272788,3987343,285445
82,industries,3653936,3949889,295953
83,cap,3030248,3926791,896543
84,volumes,3192307,3924601,732294
85,solutions,3249030,3912495,663465
86,affection,3254839,3869184,614345
87,500,4830166,3837269,992897
88,separation,3616878,3826422,209544
89,1964,2903631,3808134,904503
90,architecture,3081018,3796612,715594
91,situations,2972418,3783327,810909
92,theme,3235719,3780504,544785
93,occupation,3400699,3742986,342287
94,cabinet,4331598,3689025,642573
95,expedition,3406165,3681113,274948
96,instructions,2864814,3625454,760640
97,alliance,4269553,3584854,684699
98,profession,3878584,3578426,300158
99,arc,2791771,3567208,775437
100,considerations,3949809,3565626,384183
101,document,3515886,3559913,44027
102,evaluation,3217514,3550126,332612
103,1963,2812106,3544020,731914
104,princes,4257144,3529366,727778
105,perception,3417570,3501650,84080
106,xi,2827943,3494700,666757
107,lieutenant,3782150,3467703,314447
108,dimensions,4032894,3441113,591781
109,1962,3108287,3437531,329244
110,da,3389606,3427352,37746
111,divisions,2753382,3406909,653527
112,variations,4152614,3390135,762479
113,accident,3019113,3381223,362110
114,collective,3086869,3352042,265173
115,ut,2598836,3350250,751414
116,villages,3431035,3337209,93826
117,moments,2840990,3319258,478268
118,administrative,3383626,3311341,72285
119,masses,3566672,3282937,283735
120,xii,2529707,3281138,751431
121,substances,3440875,3264027,176848
122,1961,2719033,3245371,526338
123,1960,3268806,3241193,27613
124,ignorance,2502758,3204022,701264
125,session,2756803,3191401,434598
126,con,3955734,3182009,773725
127,sec,2288277,3171346,883069
128,integration,3039183,3158012,118829
129,quod,2346841,3138343,791502
130,centres,4032343,3130259,902084
131,conviction,2415194,3123746,708552
132,expressions,2393060,3101201,708141
133,400,2839459,3057113,217654
134,allies,3176334,3040817,135517
135,id,2530169,3017745,487576
136,saints,2391936,3001748,609812
137,prepare,3677626,2988629,688997
138,publications,2933700,2984954,51254
139,ha,2710266,2984462,274196
140,fragments,2201346,2970815,769469
141,taxes,2120986,2967815,846829
142,preface,2444461,2959000,514539
143,tension,3284254,2935658,348596
144,classification,2138223,2921958,783735
145,continent,2681296,2911113,229817
146,regiment,2589214,2910773,321559
147,1958,2915295,2903109,12186
148,traditions,2823187,2896957,73770
149,simon,2287083,2856204,569121
150,1959,2604075,2854456,250381
151,invasion,1882117,2835241,953124
152,intense,1878127,2825852,947725
153,baron,3400003,2817300,582703
154,1957,2381868,2782542,400674
155,ll,2509331,2776874,267543
156,associations,3762871,2772667,990204
157,xiii,2419811,2754175,334364
158,contributions,2281694,2747555,465861
159,communications,3037041,2742678,294363
160,muscles,2348433,2737365,388932
161,influences,1861793,2735757,873964
162,1956,2425219,2718172,292953
163,catalogue,1896961,2700868,803907
164,ere,2189309,2671874,482565
165,perfection,2541220,2649043,107823
166,cure,3599693,2638510,961183
167,gene,1924369,2634017,709648
168,surfaces,2194249,2621129,426880
169,programmes,3227040,2617220,609820
170,modes,3071976,2604303,467673
171,1950,2554030,2575685,21655
172,presentation,3250157,2575329,674828
173,admiration,2215509,2561843,346334
174,revelation,1606434,2551421,944987
175,generations,2288750,2528433,239683
176,reception,2452877,2520053,67176
177,ambition,2581103,2516155,64948
178,preference,2761199,2514807,246392
179,transmission,2542865,2496351,46514
180,emotion,2312416,2492932,180516
181,1955,2276382,2489629,213247
182,compensation,1674050,2488644,814594
183,dose,1866389,2484677,618288
184,privilege,2920229,2469742,450487
185,roger,1771045,2437584,666539
186,daniel,1605432,2421598,816166
187,roles,1537870,2414285,876415
188,invention,2577007,2407107,169900
189,er,1468852,2406409,937557
190,dialogue,2486438,2403826,82612
191,progressive,1712001,2398335,686334
192,li,1998529,2396091,397562
193,1948,1991827,2392266,400439
194,1954,2265103,2392064,126961
195,lo,2648673,2387888,260785
196,discussions,2444594,2385539,59055
197,1945,2323774,2384106,60332
198,stations,1909871,2370267,460396
199,engage,2694042,2368645,325397
200,notions,3034671,2356883,677788
201,bronze,1812186,2353068,540882
202,1953,2064407,2322466,258059
203,00,2855573,2320668,534905
204,xv,2303572,2298139,5433
205,privileges,2713199,2288655,424544
206,doctrines,2246472,2288442,41970
207,corruption,1511901,2285330,773429
208,1939,1944808,2284034,339226
209,1952,1975334,2262639,287305
210,applicable,2200557,2255549,54992
211,albert,2868277,2253179,615098
212,alfred,1262505,2240054,977549
213,1949,1870798,2231648,360850
214,marx,1816689,2224888,408199
215,com,1717947,2224004,506057
216,admission,1725158,2222262,497104
217,crimes,2697781,2215042,482739
218,xvi,2899923,2213638,686285
219,res,1211219,2193490,982271
220,justification,1374919,2187479,812560
221,indication,2253634,2168838,84796
222,verbal,2863510,2164264,699246
223,multitude,2037612,2162113,124501
224,innovation,1435833,2161819,725986
225,fibres,2208391,2157398,50993
226,proportions,2641032,2130247,510785
227,regret,1521045,2129250,608205
228,sensation,2270411,2128435,141976
229,1951,1890567,2126193,235626
230,1914,2281923,2121636,160287
231,providence,1630503,2115134,484631
232,catherine,1982627,2113510,130883
233,1940,2070863,2113448,42585
234,km,2165266,2112407,52859
235,canon,2436352,2102981,333371
236,prejudice,2163772,2092411,71361
237,adoption,2648997,2090958,558039
238,participants,1154707,2088485,933778
239,acquisition,2289387,2078838,210549
240,1947,1838886,2076570,237684
241,1938,1896248,2070922,174674
242,promotion,1853327,2070820,217493
243,dangers,2500018,2064187,435831
244,collections,1584797,2062932,478135
245,jury,1821209,2050751,229542
246,disciples,1499942,2049175,549233
247,portugal,2359009,2045869,313140
248,u.,1547324,2045259,497935
249,dollars,2680834,2043402,637432
250,coefficient,1843126,2040516,197390
251,legislative,1375521,2035945,660424
252,races,2205177,2027992,177185
253,1936,2043828,2024434,19394
254,representations,2650622,2024297,626325
255,exceptions,1683990,2019220,335230
256,bis,1779259,2014213,234954
257,inspiration,2033539,2012241,21298
258,communion,1124151,2006349,882198
259,restrictions,1096422,1995021,898599
260,intentions,2464834,1990969,473865
261,elevation,2401319,1990011,411308
262,1930,2202302,1984359,217943
263,im,2675392,1983211,692181
264,max,1231035,1983098,752063
265,admirable,2089909,1980871,109038
266,decisive,1239998,1977572,737574
267,statue,2377627,1967852,409775
268,inspection,1560914,1967394,406480
269,600,2269059,1965451,303608
270,monument,2247264,1963064,284200
271,1937,1731475,1959725,228250
272,grade,1516600,1941959,425359
273,globe,2074042,1935331,138711
274,islam,1697641,1930588,232947
275,analyses,2823006,1928561,894445
276,notable,1668512,1921421,252909
277,orientation,2914692,1921066,993626
278,fraction,1607390,1902175,294785
279,talents,1131872,1901411,769539
280,1946,1978610,1900929,77681
281,renaissance,2045052,1897710,147342
282,jacob,953287,1889351,936064
283,economies,1762340,1884768,122428
284,rotation,1791870,1877838,85968
285,themes,1914856,1877550,37306
286,1933,1720297,1873283,152986
287,refuge,1043110,1868010,824900
288,1935,1749809,1867908,118099
289,surplus,2306217,1864176,442041
290,urine,1182501,1860443,677942
291,horizon,2439340,1854873,584467
292,offensive,1203701,1850748,647047
293,distances,1598351,1850027,251676
294,vague,2316548,1846550,469998
295,1929,1784077,1846525,62448
296,imitation,1464001,1840826,376825
297,fragment,1455098,1838655,383557
298,para,1444996,1836304,391308
299,1920,2048545,1836117,212428
300,1900,2343827,1833488,510339
301,inflation,1181029,1832641,651612
302,demonstration,2133869,1830802,303067
303,sultan,1562722,1830623,267901
304,portraits,1216092,1830063,613971
305,objections,1421602,1827073,405471
306,rude,1021566,1823750,802184
307,260,837220,1820022,982802
308,1944,1618530,1813048,194518
309,affections,2021071,1809486,211585
310,sic,1188981,1809148,620167
311,derive,1373221,1806073,432852
312,diffusion,2758852,1805531,953321
313,impressions,1838769,1801913,36856
314,comparable,1261885,1801735,539850
315,constantinople,1759512,1801631,42119
316,invisible,1099451,1800754,701303
317,victor,2579418,1798178,781240
318,phases,1823915,1796341,27574
319,ar,906905,1793477,886572
320,municipal,2352246,1789562,562684
321,1925,1646041,1779041,133000
322,1941,1446992,1778377,331385
323,persuade,1358405,1776999,418594
324,clients,1375538,1774249,398711
325,1934,1670701,1772775,102074
326,poles,1109667,1772750,663083
327,lent,908438,1772652,864214
328,phrases,1788932,1772434,16498
329,coin,2031512,1771399,260113
330,tubes,1685997,1770364,84367
331,internet,787998,1769093,981095
332,pa,906781,1764598,857817
333,brigade,1314772,1761520,446748
334,ve,1077014,1761368,684354
335,formidable,979456,1760032,780576
336,naples,1962152,1757205,204947
337,virus,1397854,1755072,357218
338,definitions,1061569,1752855,691286
339,genes,1546237,1751801,205564
340,incidence,956179,1749469,793290
341,alteration,1586408,1747045,160637
342,transaction,870795,1745648,874853
343,caution,1070427,1745003,674576
344,1942,1417284,1744512,327228
345,1932,1650940,1741612,90672
346,correction,1332310,1738700,406390
347,incapable,1780965,1736612,44353
348,discretion,840932,1734142,893210
349,votes,814190,1732639,918449
350,reproduction,2588905,1731885,857020
351,270,803751,1727688,923937
352,guy,1316381,1725867,409486
353,accumulation,1305949,1725158,419209
354,pension,2116043,1720822,395221
355,indifferent,959521,1720071,760550
356,pollution,779148,1718094,938946
357,licence,1219974,1717000,497026
358,possessions,1153899,1716845,562946
359,temples,1023529,1714318,690789
360,excellence,2476918,1714009,762909
361,dense,782319,1713953,931634
362,patron,1866613,1710686,155927
363,resurrection,874463,1706908,832445
364,prevention,1362253,1706327,344074
365,combine,978234,1705976,727742
366,attraction,1105138,1705397,600259
367,hoc,1183757,1704986,521229
368,ver,868892,1704839,835947
369,zinc,1246053,1703085,457032
370,estimation,1304552,1701345,396793
371,monuments,2683112,1696468,986644
372,exclusion,1960078,1688999,271079
373,competent,888266,1687634,799368
374,serum,1120910,1686104,565194
375,sed,1073116,1683965,610849
376,federation,2498747,1683415,815332
377,instinct,1807914,1683242,124672
378,280,841723,1682947,841224
379,xvii,1305400,1681104,375704
380,joints,875167,1678762,803595
381,nat,1036084,1678653,642569
382,congregation,899305,1678549,779244
383,xviii,1745624,1672434,73190
384,mobile,2270895,1668691,602204
385,ss,1110723,1667807,557084
386,1943,1360997,1666459,305462
387,kant,1631176,1663254,32078
388,1928,1697537,1660274,37263
389,255,662696,1660100,997404
390,employee,1901880,1659073,242807
391,sincere,1500110,1657638,157528
392,divorce,1578539,1657369,78830
393,kg,2240324,1652714,587610
394,segments,652984,1649239,996255
395,fortunes,771008,1642800,871792
396,emergence,1029590,1640561,610971
397,1926,1627019,1634171,7152
398,poison,736381,1633950,897569
399,vegetation,1938758,1629163,309595
400,appreciation,2423779,1622316,801463
401,repetition,1366149,1622264,256115
402,molecule,649392,1621549,972157
403,abandon,2155495,1620989,534506
404,1918,1521592,1617778,96186
405,perspectives,2027137,1617021,410116
406,concert,1684216,1616725,67491
407,observes,1349245,1613079,263834
408,"1,000",626810,1610440,983630
409,1931,1638904,1609405,29499
410,segment,770712,1609190,838478
411,1927,1592366,1606962,14596
412,257,618022,1604632,986610
413,253,609748,1603721,993973
414,induction,943555,1601287,657732
415,1919,1739646,1595551,144095
416,xx,1208666,1595119,386453
417,1924,1582238,1593880,11642
418,freud,1472694,1591248,118554
419,265,620730,1588778,968048
420,252,599566,1588011,988445
421,invitation,1047328,1586815,539487
422,amsterdam,1207990,1586740,378750
423,adaptation,2203044,1586388,616656
424,supra,1585028,1585144,116
425,251,587342,1582797,995455
426,benjamin,792351,1581753,789402
427,fertile,669422,1577225,907803
428,reconstruction,1242603,1575348,332745
429,1922,1526689,1575276,48587
430,lesions,2184926,1573385,611541
431,persecution,774727,1567549,792822
432,254,591119,1561413,970294
433,350,1070903,1559106,488203
434,procession,585673,1558551,972878
435,experts,2019139,1557971,461168
436,accession,623993,1556420,932427
437,miracle,1278301,1555309,277008
438,cable,746630,1553484,806854
439,suicide,1019045,1551829,532784
440,oriental,976646,1551790,575144
441,275,661362,1551609,890247
442,1923,1495638,1549177,53539
443,triangle,915329,1546360,631031
444,263,584806,1541205,956399
445,incidents,950906,1538963,588057
446,madrid,2122986,1538407,584579
447,territorial,539665,1537517,997852
448,259,569877,1537427,967550
449,indifference,1545787,1535821,9966
450,coefficients,922624,1532562,609938
451,avenue,1684122,1530765,153357
452,vengeance,1392878,1529949,137071
453,productions,2286583,1527869,758714
454,messages,650793,1524880,874087
455,milan,1647231,1524401,122830
456,fatigue,2276519,1524176,752343
457,technologies,860506,1521092,660586
458,258,575235,1519436,944201
459,confirmation,1115505,1518503,402998
460,2007,843001,1516282,673281
461,264,582237,1514954,932717
462,heritage,2039432,1510117,529315
463,ceremonies,1350057,1509192,159135
464,colleges,1310807,1508543,197736
465,elite,1581560,1508085,73475
466,latitude,1254147,1506966,252819
467,super,833073,1505562,672489
468,262,574309,1503433,929124
469,267,577122,1503012,925890
470,miracles,880194,1502382,622188
471,injustice,1385823,1501604,115781
472,1910,1714911,1500995,213916
473,261,579092,1500955,921863
474,cinema,2289788,1497907,791881
475,coll,1534807,1496559,38248
476,indignation,1089439,1495832,406393
477,tion,1920327,1495369,424958
478,1917,1411157,1493464,82307
479,francisco,675780,1491484,815704
480,273,583744,1491221,907477
481,performances,720015,1490950,770935
482,clubs,640671,1490857,850186
483,800,1857991,1485187,372804
484,pr,863899,1483728,619829
485,accessible,929766,1482481,552715
486,supplement,1405158,1480482,75324
487,1921,1602746,1480100,122646
488,substitution,1398001,1479482,81481
489,269,563916,1478778,914862
490,sculpture,1142496,1475291,332795
491,pin,771123,1474482,703359
492,luther,738934,1472650,733716
493,1913,1649470,1471538,177932
494,injection,1412914,1463200,50286
495,residents,465155,1461377,996222
496,ap,696206,1461312,765106
497,266,553388,1460027,906639
498,limitation,1196774,1456621,259847
499,roses,1032045,1455525,423480
500,268,567326,1454463,887137
501,innocence,928654,1451251,522597
502,exploration,1207947,1449707,241760
503,quam,830795,1447303,616508
504,rites,1066346,1445943,379597
505,stocks,841737,1443051,601314
506,272,585567,1442418,856851
507,pile,969804,1442248,472444
508,energies,631836,1441369,809533
509,fibre,578283,1439473,861190
510,corpus,1046071,1435968,389897
511,echo,1758579,1433658,324921
512,santa,702960,1432793,729833
513,additions,439548,1427029,987481
514,xix,1579233,1426982,152251
515,episode,1118699,1426207,307508
516,retire,2305856,1425098,880758
517,consensus,730744,1424061,693317
518,villa,1007365,1423920,416555
519,290,624174,1422730,798556
520,quo,1095593,1420794,325201
521,patronage,821758,1420782,599024
522,1870,1819483,1418372,401111
523,transparent,434059,1418279,984220
524,277,558037,1417302,859265
525,1912,1543336,1410194,133142
526,speculation,996865,1410152,413287
527,chances,2095742,1410132,685610
528,alternatives,555890,1409933,854043
529,285,588121,1406302,818181
530,ranges,444126,1405557,961431
531,seize,1758004,1405328,352676
532,feminine,1024264,1404728,380464
533,pl,1469935,1404517,65418
534,corporations,872331,1404045,531714
535,sterling,639306,1403618,764312
536,271,557959,1401582,843623
537,urgent,596284,1401151,804867
538,vel,1284887,1400919,116032
539,distinctions,894590,1398317,503727
540,z.,638476,1397121,758645
541,1905,1748680,1396904,351776
542,1906,1625512,1396851,228661
543,274,539696,1396618,856922
544,ether,1011667,1395492,383825
545,decoration,983713,1394837,411124
546,276,548789,1389413,840624
547,oppression,950074,1388180,438106
548,projection,1228439,1387196,158757
549,279,539908,1386420,846512
550,fe,1270011,1385811,115800
551,composer,1047992,1383830,335838
552,antonio,783124,1383501,600377
553,nominal,498971,1383257,884286
554,regent,859961,1381893,521932
555,contacts,1347212,1380369,33157
556,fl,447178,1380062,932884
557,ct,573470,1379634,806164
558,jan,490826,1379588,888762
559,procure,1248124,1377673,129549
560,contraction,995278,1375861,380583
561,horrible,871708,1372258,500550
562,violet,583985,1372078,788093
563,ali,1022677,1370175,347498
564,283,556534,1369944,813410
565,descendants,1155349,1369876,214527
566,perceptions,641852,1367152,725300
567,conceptions,2009711,1365657,644054
568,interpretations,1025336,1363703,338367
569,320,739949,1363056,623107
570,278,537985,1362299,824314
571,karl,742448,1361781,619333
572,apprehension,551162,1361621,810459
573,incomplete,853005,1359492,506487
574,1908,1495177,1358900,136277
575,agitation,1707950,1354676,353274
576,281,547592,1354163,806571
577,287,560877,1352660,791783
578,suspension,1743430,1351941,391489
579,1890,1640478,1351741,288737
580,289,543940,1350357,806417
581,sublime,1727776,1347888,379888
582,restaurant,521634,1347467,825833
583,descriptive,394027,1347234,953207
584,deviation,740984,1346760,605776
585,1907,1655690,1345738,309952
586,alterations,888211,1344093,455882
587,sacrifices,1788603,1343939,444664
588,protestants,1539160,1343743,195417
589,1916,1139170,1343259,204089
590,282,542055,1343162,801107
591,leo,399909,1342620,942711
592,int,565307,1341356,776049
593,thomson,348144,1339223,991079
594,axes,1320635,1333845,13210
595,288,573924,1333387,759463
596,stimulation,407616,1332223,924607
597,glucose,450399,1331211,880812
598,motivation,600397,1329020,728623
599,consultation,1454659,1327322,127337
600,295,536528,1326772,790244
601,restriction,990542,1326124,335582
602,locke,508839,1325275,816436
603,284,525415,1323340,797925
604,sc,466141,1321708,855567
605,legislature,521854,1318633,796779
606,fracture,786890,1317452,530562
607,flux,1932490,1315024,617466
608,satan,410681,1314596,903915
609,disgrace,455260,1314370,859110
610,coalition,1059147,1312649,253502
611,drainage,531003,1311543,780540
612,286,527140,1309662,782522
613,famine,696336,1309490,613154
614,electoral,1128110,1306856,178746
615,rats,500094,1305320,805226
616,dante,659549,1304477,644928
617,1.1,490059,1303876,813817
618,allusion,1927358,1302059,625299
619,inflammation,1223701,1301769,78068
620,biol,374695,1301602,926907
621,1909,1361962,1300276,61686
622,clement,1333717,1298207,35510
623,fol,1322993,1297653,25340
624,proclamation,1131675,1296546,164871
625,301,518413,1296196,777783
626,293,505527,1292881,787354
627,religions,1630147,1292872,337275
628,ti,697545,1291671,594126
629,eloquence,1527012,1291411,235601
630,cerebral,378105,1290804,912699
631,305,532824,1290419,757595
632,1915,1118891,1290297,171406
633,po,809043,1289613,480570
634,immigration,1455359,1288829,166530
635,occupations,964573,1287875,323302
636,guides,885202,1287353,402151
637,compression,1217601,1286460,68859
638,sanction,1567568,1286343,281225
639,dan,908692,1285938,377246
640,br,299240,1285606,986366
641,inscriptions,1777360,1283716,493644
642,ignore,1820564,1281218,539346
643,iran,724951,1281139,556188
644,1880,1662410,1280888,381522
645,qualifications,362724,1279684,916960
646,codes,827514,1279017,451503
647,1848,1938962,1278619,660343
648,resignation,598532,1278104,679572
649,1904,1519149,1277575,241574
650,formulation,688984,1277472,588488
651,291,523707,1277462,753755
652,approximation,566926,1274078,707152
653,clauses,1196989,1273129,76140
654,declares,674313,1272099,597786
655,neo,1233963,1270399,36436
656,297,534079,1269422,735343
657,lots,782657,1268640,485983
658,303,514839,1267958,753119
659,carbonate,1024581,1265811,241230
660,310,582762,1265530,682768
661,robin,409647,1265209,855562
662,defensive,621655,1264624,642969
663,fiscal,955677,1263051,307374
664,chairs,282798,1261968,979170
665,cycles,668990,1261398,592408
666,inclusion,287074,1259899,972825
667,pat,317708,1257148,939440
668,299,513691,1254224,740533
669,1903,1540113,1252792,287321
670,1902,1593213,1250488,342725
671,qualitative,388020,1248906,860886
672,justices,284892,1247633,962741
673,payable,301775,1246143,944368
674,secrets,1714265,1245850,468415
675,dollar,636421,1245119,608698
676,juan,1082752,1244904,162152
677,admire,751860,1244598,492738
678,mo,604814,1241688,636874
679,1895,1420888,1241553,179335
680,360,648177,1241347,593170
681,forum,653940,1240679,586739
682,decomposition,1437430,1239875,197555
683,292,507422,1239614,732192
684,298,498567,1238787,740220
685,degradation,1076828,1237956,161128
686,descend,1312010,1234760,77250
687,files,351040,1232795,881755
688,doses,1111367,1231544,120177
689,photo,1353542,1231320,122222
690,continuation,985302,1231196,245894
691,activation,277719,1226495,948776
692,manufactures,1540733,1226482,314251
693,superstition,552002,1225520,673518
694,kennedy,272171,1224997,952826
695,294,483127,1224918,741791
696,configuration,852914,1222500,369586
697,chaos,779191,1220697,441506
698,1898,1709859,1220175,489684
699,1901,1695379,1219898,475481
700,296,510392,1218132,707740
701,ferdinand,1347168,1216789,130379
702,304,498503,1216017,717514
703,jupiter,824358,1215903,391545
704,determines,1253496,1215283,38213
705,football,335086,1213432,878346
706,hans,621625,1212895,591270
707,phosphate,664496,1210766,546270
708,gr,1439847,1210116,229731
709,redemption,378321,1209178,830857
710,302,483734,1207614,723880
711,martial,299134,1207340,908206
712,vietnam,626716,1206576,579860
713,complexes,1948477,1205806,742671
714,307,520593,1205702,685109
715,330,585054,1205519,620465
716,statues,1135168,1204485,69317
717,prudent,960766,1204307,243541
718,cone,763230,1203944,440714
719,tracts,218068,1203930,985862
720,allocation,1011661,1203062,191401
721,extraction,1411064,1199970,211094
722,0.5,221489,1199608,978119
723,deposition,556864,1199366,642502
724,ps,491107,1198085,706978
725,esse,1036310,1197467,161157
726,1850,1297341,1196833,100508
727,01,789513,1196305,406792
728,munich,919372,1196046,276674
729,dorsal,263020,1195935,932915
730,compassion,495833,1195778,699945
731,1911,1397337,1194806,202531
732,ass,266470,1194407,927937
733,700,1414533,1193825,220708
734,torture,651692,1188679,536987
735,325,539002,1186576,647574
736,2.5,268552,1184154,915602
737,trains,1044791,1183650,138859
738,compositions,838036,1183110,345074
739,1899,1501544,1182968,318576
740,prediction,285330,1182902,897572
741,ra,466233,1182808,716575
742,notices,635454,1182675,547221
743,texture,419064,1182524,763460
744,1896,1435046,1181550,253496
745,1885,1298446,1180346,118100
746,darwin,390748,1178969,788221
747,306,463429,1174848,711419
748,abolition,1240277,1174831,65446
749,1.5,277718,1174256,896538
750,pamphlet,259070,1173511,914441
751,format,776058,1173459,397401
752,1897,1496450,1173367,323083
753,dei,1620629,1173138,447491
754,julius,184635,1172636,988001
755,1894,1325099,1171340,153759
756,ibid.,926311,1170144,243833
757,309,480361,1167629,687268
758,camps,1359880,1167612,192268
759,donald,191997,1166835,974838
760,complications,800897,1166227,365330
761,appoint,339910,1166007,826097
762,memorandum,350859,1165548,814689
763,immigrants,536308,1164760,628452
764,carter,211756,1164722,952966
765,308,478634,1163642,685008
766,1800,810654,1162984,352330
767,aut,821093,1161586,340493
768,xxi,647959,1160745,512786
769,della,1584363,1160313,424050
770,1888,1295425,1159711,135714
771,acta,361894,1158186,796292
772,pakistan,339397,1157798,818401
773,ir,502229,1157170,654941
774,bat,797560,1156883,359323
775,eminence,433212,1156453,723241
776,preferences,625100,1154638,529538
777,sensations,1589012,1153578,435434
778,1893,1408702,1150292,258410
779,tr,413096,1149793,736697
780,reconciliation,812985,1148658,335673
781,macdonald,222790,1148131,925341
782,calcutta,226162,1147601,921439
783,visions,583204,1147048,563844
784,champion,607807,1146853,539046
785,expedient,394530,1146792,752262
786,vulnerable,188181,1146305,958124
787,1881,1439070,1146069,293001
788,315,492041,1145782,653741
789,prestige,1601019,1144943,456076
790,partition,426550,1144571,718021
791,granite,346840,1142257,795417
792,papa,706509,1142090,435581
793,tolerance,1317402,1141725,175677
794,caroline,498033,1141144,643111
795,var,848883,1140595,291712
796,1889,1540497,1140383,400114
797,regression,856881,1137605,280724
798,xxii,597862,1137445,539583
799,fusion,2036996,1136432,900564
800,1892,1403883,1135848,268035
801,1891,1429707,1134510,295197
802,ia,1480632,1133479,347153
803,ba,499136,1132655,633519
804,weber,710806,1129414,418608
805,spheres,663467,1128181,464714
806,richardson,136492,1127617,991125
807,regiments,1019284,1127560,108276
808,hudson,262502,1126728,864226
809,ny,933225,1126368,193143
810,supposition,788212,1123852,335640
811,ibn,454077,1123763,669686
812,sue,341048,1123369,782321
813,1882,1275621,1123087,152534
814,elephant,406503,1120592,714089
815,implication,448658,1120496,671838
816,340,558550,1120068,561518
817,plausible,381309,1118327,737018
818,vincent,1623585,1116967,506618
819,sexes,1186143,1116634,69509
820,313,472433,1116592,644159
821,contemplation,691557,1116320,424763
822,tenure,118201,1115870,997669
823,312,485310,1115811,630501
824,1830,1586859,1114106,472753
825,sine,583643,1113469,529826
826,texas,261119,1113423,852304
827,hughes,141380,1112764,971384
828,herald,119228,1111513,992285
829,vocal,125912,1111297,985385
830,nazi,225126,1111045,885919
831,infections,392934,1110769,717835
832,pe,520083,1108222,588139
833,ham,116180,1108122,991942
834,450,954258,1107768,153510
835,tokyo,366522,1107438,740916
836,sunt,854402,1106376,251974
837,austin,122570,1105749,983179
838,goethe,457853,1105406,647553
839,contingent,994444,1105070,110626
840,solitude,1549997,1105063,444934
841,composite,225420,1103834,878414
842,rogers,116477,1103630,987153
843,aluminium,825722,1103529,277807
844,serpent,742209,1102484,360275
845,conversations,1010935,1101659,90724
846,1886,1256389,1101177,155212
847,complement,1482125,1099526,382599
848,editorial,368616,1098109,729493
849,wallace,123972,1098050,974078
850,resolutions,1185551,1097524,88027
851,combustion,1041946,1097244,55298
852,io,926247,1097106,170859
853,memorable,454124,1096565,642441
854,explosion,1278664,1094936,183728
855,1884,1333128,1094891,238237
856,gland,188227,1094549,906322
857,1887,1301387,1094243,207144
858,verdict,278824,1093397,814573
859,julia,236569,1092800,856231
860,concessions,1784026,1092659,691367
861,323,467480,1091414,623934
862,intact,434743,1090718,655975
863,conjecture,328180,1089153,760973
864,quae,587768,1088274,500506
865,321,466440,1087005,620565
866,presume,573941,1086626,512685
867,mitchell,116887,1086057,969170
868,2.1,412358,1084947,672589
869,harvey,146093,1084806,938713
870,excite,919571,1083527,163956
871,bot,240810,1082471,841661
872,inst,395280,1081997,686717
873,eden,259272,1081895,822623
874,pots,467435,1081257,613822
875,drain,108443,1081196,972753
876,2.2,411624,1080920,669296
877,clan,609445,1080834,471389
878,delhi,183230,1079694,896464
879,costume,1264317,1079582,184735
880,gazette,916507,1077728,161221
881,1875,1197506,1076833,120673
882,secretion,815520,1075902,260382
883,tory,80993,1075002,994009
884,execute,1947240,1073950,873290
885,ernest,980647,1073096,92449
886,agrees,221763,1072358,850595
887,dragon,365740,1071591,705851
888,venerable,653407,1070777,417370
889,tunnel,496885,1070776,573891
890,amplitude,814067,1070137,256070
891,anno,533216,1069864,536648
892,irrigation,885939,1069624,183685
893,"2,000",435305,1069422,634117
894,314,438117,1068710,630593
895,319,466008,1068677,602669
896,1840,1102181,1068623,33558
897,vacant,233647,1067400,833753
898,1883,1187561,1067259,120302
899,satire,403917,1066711,662794
900,obstruction,226301,1066042,839741
901,317,474424,1065182,590758
902,expressive,239163,1064661,825498
903,nigeria,624595,1064576,439981
904,franklin,388589,1064471,675882
905,simulation,412432,1063378,650946
906,iu,248468,1063213,814745
907,imaginative,78628,1063034,984406
908,barons,490255,1062835,572580
909,diocese,1606652,1062519,544133
910,ox,97964,1062321,964357
911,retention,513222,1062018,548796
912,fax,358024,1061466,703442
913,geo,163454,1061146,897692
914,malice,404555,1060767,656212
915,aa,581494,1060765,479271
916,rio,1228373,1060605,167768
917,hesitation,781437,1059530,278093
918,1878,1225491,1059187,166304
919,indulgence,759124,1058259,299135
920,intelligible,644116,1057634,413518
921,bp,394532,1055637,661105
922,violation,1446008,1055393,390615
923,wagner,614347,1055382,441035
924,pearl,59062,1055286,996224
925,accent,1993848,1055246,938602
926,ist,1861522,1054287,807235
927,tony,153322,1053866,900544
928,316,432684,1053095,620411
929,1871,1304745,1052962,251783
930,vale,68667,1052912,984245
931,derives,902853,1052620,149767
932,prevalent,110531,1051557,941026
933,genera,169385,1051074,881689
934,hotels,690526,1050556,360030
935,impatient,235377,1048001,812624
936,aspirations,1280487,1047616,232871
937,abdomen,714223,1047529,333306
938,enzymes,192104,1047502,855398
939,324,446690,1047339,600649
940,median,351130,1046015,694885
941,322,459773,1045881,586108
942,chapman,76282,1045717,969435
943,prohibition,561417,1045217,483800
944,caste,507768,1045102,537334
945,reverend,294696,1044039,749343
946,parental,127124,1042800,915676
947,dam,323242,1042712,719470
948,ser,723869,1042058,318189
949,correspondent,1893525,1041234,852291
950,peru,81084,1041061,959977
951,311,446068,1041012,594944
952,burton,90081,1040811,950730
953,expertise,844645,1040568,195923
954,jersey,286285,1040488,754203
955,constants,615989,1040008,424019
956,nitrate,706236,1038935,332699
957,jet,795705,1038581,242876
958,333,487246,1038214,550968
959,cane,78440,1038092,959652
960,hegel,1178148,1037414,140734
961,tribal,82778,1037125,954347
962,327,451655,1036728,585073
963,narratives,114357,1035567,921210
964,fi,1807318,1035334,771984
965,gradient,214934,1035204,820270
966,script,110149,1034257,924108
967,audiences,316504,1034018,717514
968,consolation,824387,1032608,208221
969,1867,1192984,1032607,160377
970,1876,1061694,1032458,29236
971,1861,1029477,1030898,1421
972,invest,33511,1030407,996896
973,1.2,410082,1030394,620312
974,emily,43547,1030273,986726
975,sheffield,55922,1030266,974344
976,masculine,455352,1029405,574053
977,duncan,90360,1029116,938756
978,canons,1929719,1028816,900903
979,antony,85356,1028283,942927
980,propagation,1195066,1028222,166844
981,318,433051,1027264,594213
982,magazines,143567,1027042,883475
983,diabetes,37168,1025919,988751
984,ussr,36172,1025249,989077
985,xxiii,535933,1025030,489097
986,nutrition,795423,1024867,229444
987,imperative,177348,1024150,846802
988,deficient,59388,1024148,964760
989,charitable,300856,1024140,723284
990,amiable,387328,1023121,635793
991,shopping,28424,1023039,994615
992,coherent,429072,1022850,593778
993,gang,62485,1022798,960313
994,329,428283,1022093,593810
995,persuasion,503140,1020956,517816
996,basil,60927,1020462,959535
997,quotes,31168,1020368,989200
998,ordinance,32256,1019930,987674
999,jo,511055,1019199,508144
1000,halt,22435,1018900,996465
1001,cortex,201490,1018373,816883
1002,geology,67400,1018218,950818
1003,infrastructure,552210,1018173,465963
1004,3.1,325634,1017903,692269
1005,335,467666,1017797,550131
1006,ardent,939737,1017712,77975
1007,fluctuations,783865,1016780,232915
1008,1857,946497,1016336,69839
1009,revolutions,1488243,1016281,471962
1010,deficit,1755597,1015399,740198
1011,constantine,430778,1015398,584620
1012,mortgage,17322,1014057,996735
1013,diana,100741,1013899,913158
1014,rifle,14197,1013561,999364
1015,lust,22061,1013314,991253
1016,anthropology,112509,1013079,900570
1017,elders,16279,1012551,996272
1018,vices,1508209,1012516,495693
1019,mat,634963,1012367,377404
1020,1-2,325198,1010980,685782
1021,devon,27486,1010890,983404
1022,massachusetts,205149,1010329,805180
1023,generic,13066,1010200,997134
1024,palmer,80852,1009949,929097
1025,poorly,10224,1009827,999603
1026,valves,198534,1009592,811058
1027,326,423605,1009325,585720
1028,bbc,61863,1008902,947039
1029,stanford,327233,1008737,681504
1030,unstable,12161,1007977,995816
1031,modelling,26026,1007451,981425
1032,enclosure,11280,1007391,996111
1033,triple,1512236,1007001,505235
1034,1874,995811,1006974,11163
1035,bedford,81286,1006817,925531
1036,kin,92950,1006504,913554
1037,barrel,9073,1006277,997204
1038,granting,12402,1006266,993864
1039,structured,12750,1006212,993462
1040,laden,56584,1006120,949536
1041,marking,11313,1005814,994501
1042,328,440748,1005730,564982
1043,throws,11832,1005408,993576
1044,ruth,116959,1005328,888369
1045,touches,657976,1005189,347213
1046,rabbit,19334,1005151,985817
1047,meaningful,11458,1004958,993500
1048,conflicting,10243,1004915,994672
1049,introductory,17914,1004546,986632
1050,memoir,21237,1004058,982821
1051,1872,1075395,1003781,71614
1052,marxist,14531,1003572,989041
1053,alps,15583,1003537,987954
1054,knock,20980,1003442,982462
1055,1879,1085254,1003354,81900
1056,tor,86455,1003222,916767
1057,chemicals,19327,1003138,983811
1058,rape,76105,1002929,926824
1059,peaks,14348,1002824,988476
1060,1868,949559,1002470,52911
1061,norm,52601,1002323,949722
1062,prompt,510559,1002119,491560
1063,criticisms,7055,1002076,995021
1064,comprised,8526,1001767,993241
1065,comply,11744,1001651,989907
1066,eliminated,12138,1001603,989465
1067,oblong,64133,1001389,937256
1068,brian,90277,1001261,910984
1069,utterance,7992,1001214,993222
1070,downward,8029,1000439,992410
1071,micro,871296,1000179,128883
1072,communal,810000,999908,189908
1073,simpler,6691,999339,992648
1074,tbe,99581,999265,899684
1075,highlands,38954,998800,959846
1076,inputs,60377,998669,938292
1077,1865,975594,998644,23050
1078,rim,25879,998611,972732
1079,socio,1667249,998538,668711
1080,babies,8010,998112,990102
1081,"100,000",327960,998092,670132
1082,italians,5923,998090,992167
1083,consecrated,2199,997998,995799
1084,indicator,17488,997976,980488
1085,stimuli,173424,997717,824293
1086,relaxed,3595,997668,994073
1087,presumption,9839,997260,987421
1088,disputed,7393,996929,989536
1089,solicitor,15091,996883,981792
1090,bitterly,1656,996753,995097
1091,censure,1203051,996702,206349
1092,345,451331,996589,545258
1093,toronto,385113,996417,611304
1094,chicken,10839,996383,985544
1095,supplying,8235,996093,987858
1096,337,452949,995869,542920
1097,ecology,66749,995474,928725
1098,plough,5442,995424,989982
1099,unchanged,8924,994985,986061
1100,faithfully,5052,994467,989415
1101,condemnation,9383,994443,985060
1102,gentry,34595,994192,959597
1103,contrasted,6525,993984,987459
1104,nineteen,9317,993619,984302
1105,25th,8904,993607,984703
1106,exchanges,24738,993333,968595
1107,coasts,11531,993278,981747
1108,constrained,7609,993207,985598
1109,rt,260079,992885,732806
1110,ambiguous,12095,992745,980650
1111,coordination,1615039,992554,622485
1112,borrow,8695,992378,983683
1113,fred,167456,992053,824597
1114,saturated,10072,991743,981671
1115,speculative,331856,991524,659668
1116,demonstrates,11790,991295,979505
1117,discrete,433320,991284,557964
1118,sunset,8280,991215,982935
1119,beauties,3219,991069,987850
1120,lacked,4547,990859,986312
1121,professions,1729503,990669,738834
1122,21st,13286,990533,977247
1123,fascinating,5966,990121,984155
1124,basically,12150,990119,977969
1125,commanders,5405,989688,984283
1126,loch,51538,989649,938111
1127,byzantine,252023,988489,736466
1128,exceeds,9418,987923,978505
1129,resonance,440906,987867,546961
1130,forever,10608,987767,977159
1131,wiley,98209,987636,889427
1132,arbitration,58453,987237,928784
1133,convicted,10320,986914,976594
1134,authorized,25490,986840,961350
1135,resistant,563317,986821,423504
1136,compatible,544823,986801,441978
1137,climbed,1486,986734,985248
1138,sided,6583,986605,980022
1139,wires,6934,986553,979619
1140,inhibition,347933,986271,638338
1141,conform,14087,985960,971873
1142,meadow,6721,985931,979210
1143,troy,36351,985331,948980
1144,latent,252409,985308,732899
1145,offenders,12036,985299,973263
1146,immortality,6140,985121,978981
1147,lifting,11753,985115,973362
1148,metre,1862748,985023,877725
1149,uneasy,3969,984971,981002
1150,nut,22549,984937,962388
1151,dock,68043,984610,916567
1152,patches,6233,984601,978368
1153,signify,4468,984226,979758
1154,1877,1021212,984200,37012
1155,lily,35750,984179,948429
1156,comprehend,3830,984173,980343
1157,investors,12957,983939,970982
1158,martyr,428015,983879,555864
1159,ok,136517,983797,847280
1160,lace,56131,983770,927639
1161,thyself,1328,983764,982436
1162,1866,1075294,983165,92129
1163,hosts,8870,983010,974140
1164,sacrificed,3744,982953,979209
1165,transient,14675,982949,968274
1166,q.v.,2330,982789,980459
1167,elimination,1080740,982396,98344
1168,m.p.,30507,982354,951847
1169,hormone,192457,982301,789844
1170,computed,20705,982155,961450
1171,contention,120481,981974,861493
1172,favours,4835,981788,976953
1173,punch,66163,981726,915563
1174,erosion,827916,981493,153577
1175,accommodate,5215,981433,976218
1176,ale,81827,981373,899546
1177,carpenter,47848,981110,933262
1178,zur,1395367,980903,414464
1179,successes,5022,980874,975852
1180,jaw,8526,980843,972317
1181,weakened,5110,980732,975622
1182,drowned,2625,980692,978067
1183,likeness,3870,980391,976521
1184,sticks,7175,980310,973135
1185,adopting,8345,980240,971895
1186,boiler,6312,980225,973913
1187,guaranteed,13161,980193,967032
1188,sank,3544,980057,976513
1189,publicity,10624,980055,969431
1190,gen,539736,979952,440216
1191,nowadays,10961,979681,968720
1192,occupying,6367,979517,973150
1193,baptist,16676,979466,962790
1194,perished,1750,979253,977503
1195,vested,9745,979250,969505
1196,petersburg,28861,979240,950379
1197,irony,10494,979157,968663
1198,331,422522,978885,556363
1199,grounded,8048,978860,970812
1200,clerical,130000,978560,848560
1201,melody,8834,978478,969644
1202,timing,22683,978363,955680
1203,agnes,358548,978246,619698
1204,coke,520203,978035,457832
1205,fletcher,53876,977947,924071
1206,muse,303163,977603,674440
1207,dome,622903,977134,354231
1208,methyl,55414,977036,921622
1209,corpse,3726,976896,973170
1210,brit,102207,976861,874654
1211,laura,127142,976809,849667
1212,hail,8433,976283,967850
1213,satellite,472257,976255,503998
1214,generating,12939,976206,963267
1215,africans,19286,976085,956799
1216,grandson,33876,975885,942009
1217,uniformity,10830,975883,965053
1218,penetration,1232761,975874,256887
1219,sincerely,6098,975869,969771
1220,wm,27090,975599,948509
1221,repeating,4653,975437,970784
1222,holdings,54572,975332,920760
1223,witch,9000,975092,966092
1224,fanny,136877,975024,838147
1225,hastened,1290,975008,973718
1226,surrendered,4255,974984,970729
1227,herd,24147,974764,950617
1228,joshua,25795,974454,948659
1229,storms,14030,974274,960244
1230,microscope,811519,974256,162737
1231,comp,445390,974196,528806
1232,engaging,4889,974159,969270
1233,bricks,44874,974010,929136
1234,compressed,6835,973954,967119
1235,emma,169814,973842,804028
1236,violently,2515,973568,971053
1237,skies,5133,973556,968423
1238,ane,652705,973525,320820
1239,spine,18236,973505,955269
1240,rewarded,2550,973366,970816
1241,arithmetic,10054,973352,963298
1242,ancients,4002,973294,969292
1243,1862,952654,973191,20537
1244,pepper,13653,973063,959410
1245,directory,50975,972623,921648
1246,curiously,3170,972575,969405
1247,directive,702726,972564,269838
1248,react,11342,972440,961098
1249,altitude,1367743,972379,395364
1250,displaced,10999,972243,961244
1251,revealing,8782,972188,963406
1252,ordination,157896,971995,814099
1253,trench,17015,971958,954943
1254,ottoman,771896,971847,199951
1255,deputies,9771,971762,961991
1256,melbourne,114827,971742,856915
1257,ammunition,6998,971711,964713
1258,qua,719842,971310,251468
1259,venetian,8390,971054,962664
1260,kirk,37709,971014,933305
1261,sweat,6909,970884,963975
1262,legally,11208,970883,959675
1263,quotations,8794,970562,961768
1264,equals,7549,970374,962825
1265,notation,463059,970087,507028
1266,doorway,1451,970041,968590
1267,1854,897729,969984,72255
1268,lattice,18024,969952,951928
1269,mess,83107,969921,886814
1270,disability,14221,969735,955514
1271,bundle,8418,969502,961084
1272,1860,1362627,969379,393248
1273,civilized,8038,969087,961049
1274,hue,285405,969071,683666
1275,pillar,7794,968956,961162
1276,potent,6779,968936,962157
1277,terminated,7266,968825,961559
1278,penetrate,5791,968746,962955
1279,astonishing,4093,968291,964198
1280,capacities,11788,968019,956231
1281,cyprus,25799,967970,942171
1282,applause,2187,967758,965571
1283,marching,2986,966626,963640
1284,crowns,5940,966440,960500
1285,leonard,675633,965956,290323
1286,dedication,6087,965661,959574
1287,hinder,7267,965462,958195
1288,highland,12860,965397,952537
1289,332,419538,964969,545431
1290,holder,31710,964905,933195
1291,365,473988,964439,490451
1292,peril,1703918,964172,739746
1293,finer,11400,964163,952763
1294,passim,289788,963807,674019
1295,attach,7223,963776,956553
1296,convergence,700966,963652,262686
1297,compete,22314,963501,941187
1298,attendants,3229,963364,960135
1299,sunlight,8525,963301,954776
1300,emerges,23133,962994,939861
1301,temperament,1198944,962414,236530
1302,weigh,3942,961889,957947
1303,rd,115409,961838,846429
1304,basal,34346,961798,927452
1305,membranes,685515,961186,275671
1306,antiquities,15832,961167,945335
1307,lenin,18879,961010,942131
1308,solidarity,20621,961002,940381
1309,insignificant,5878,960812,954934
1310,contracting,97752,960758,863006
1311,substrate,20316,960631,940315
1312,343,427467,960527,533060
1313,1859,960062,960398,336
1314,amer,664162,960343,296181
1315,1873,1036678,960102,76576
1316,leipzig,802448,960076,157628
1317,trout,16729,960009,943280
1318,nottingham,44145,959992,915847
1319,subscription,36013,959963,923950
1320,richer,133607,959935,826328
1321,trifling,1700,959717,958017
1322,1851,1073651,959599,114052
1323,bade,388979,959581,570602
1324,posture,353580,959560,605980
1325,emphasize,12817,959425,946608
1326,apartments,3739,959366,955627
1327,dominance,138793,959162,820369
1328,excluding,11465,959128,947663
1329,promptly,15531,958872,943341
1330,reciprocal,18286,958687,940401
1331,eric,454895,958662,503767
1332,biggest,6461,957952,951491
1333,penalties,10775,957914,947139
1334,shout,2549,957852,955303
1335,weighing,6041,957591,951550
1336,irrelevant,10600,957518,946918
1337,ban,514780,957451,442671
1338,mapping,25827,957371,931544
1339,diminish,5772,957323,951551
1340,finland,37672,956878,919206
1341,nigh,1921,956620,954699
1342,reluctance,16247,956508,940261
1343,plantations,1236479,956464,280015
1344,heresy,6126,956280,950154
1345,cured,7519,955474,947955
1346,carolina,60078,955239,895161
1347,336,438939,955156,516217
1348,barbarous,2674,955134,952460
1349,prevalence,139336,955132,815796
1350,meditation,824492,954609,130117
1351,coupling,15889,954578,938689
1352,planets,6269,954483,948214
1353,lodged,6452,954474,948022
1354,paradigm,20195,954337,934142
1355,pilgrimage,7926,954199,946273
1356,richly,2555,953940,951385
1357,comrades,2822,953818,950996
1358,1845,841651,953811,112160
1359,legitimacy,17412,953638,936226
1360,draught,3967,953348,949381
1361,sway,4299,953269,948970
1362,fools,4044,952904,948860
1363,lap,25831,952904,927073
1364,semantic,41821,952891,911070
1365,muhammad,107611,952882,845271
1366,trail,16160,952822,936662
1367,jumped,1695,952778,951083
1368,insert,19912,952405,932493
1369,nm,230675,952370,721695
1370,giovanni,405037,952235,547198
1371,tempest,7108,952211,945103
1372,betwixt,2090,951971,949881
1373,doubled,5177,951857,946680
1374,um,797658,951735,154077
1375,charcoal,6696,951703,945007
1376,dryden,36196,951630,915434
1377,amused,1214,951582,950368
1378,transit,856687,951524,94837
1379,thereupon,5523,951511,945988
1380,gladly,2053,951464,949411
1381,kids,6079,951390,945311
1382,asserts,5852,951373,945521
1383,ne'er,1422,951241,949819
1384,projecting,4647,950945,946298
1385,advantageous,6800,950922,944122
1386,worms,178960,950450,771490
1387,freight,17888,950391,932503
1388,advocated,6714,950170,943456
1389,faction,631522,950107,318585
1390,skins,8869,949679,940810
1391,spiral,69616,949590,879974
1392,cylindrical,9579,949531,939952
1393,carriers,51765,949121,897356
1394,odds,10555,948745,938190
1395,annexed,11261,948512,937251
1396,barry,201800,948502,746702
1397,pockets,5244,948266,943022
1398,crimson,4446,948222,943776
1399,liberals,3430,948169,944739
1400,posed,9517,948091,938574
1401,requests,12272,947994,935722
1402,marcus,135427,947885,812458
1403,"20,000",310696,947807,637111
1404,reformers,6227,947707,941480
1405,rainfall,18760,947485,928725
1406,despised,1881,947238,945357
1407,alkaline,18635,947238,928603
1408,conditional,15284,946985,931701
1409,laser,224463,946971,722508
1410,overview,28436,946628,918192
1411,dew,21649,946627,924978
1412,334,426396,946603,520207
1413,separating,8724,946602,937878
1414,qualification,1188028,946465,241563
1415,fruitful,7841,946436,938595
1416,shouting,1663,946339,944676
1417,charlie,72876,946338,873462
1418,ladder,5715,946203,940488
1419,1864,951229,946144,5085
1420,thai,125085,946131,821046
1421,valour,4303,946119,941816
1422,spinning,8259,946119,937860
1423,parte,882735,946043,63308
1424,contend,4633,945964,941331
1425,caribbean,42123,945857,903734
1426,tedious,2776,945784,943008
1427,skilful,1974,945779,943805
1428,domains,16258,945652,929394
1429,explanatory,13482,945524,932042
1430,formulated,13513,945440,931927
1431,levy,756381,945359,188978
1432,joys,2952,945273,942321
1433,xxiv,500804,944927,444123
1434,kelly,76705,944719,868014
1435,circuits,793424,944495,151071
1436,339,393639,944361,550722
1437,0.1,230955,944316,713361
1438,bacterial,22669,943838,921169
1439,frances,117449,943830,826381
1440,bite,21296,943664,922368
1441,overthrow,3491,943624,940133
1442,economically,12131,943521,931390
1443,wo,179597,943150,763553
1444,lodging,6115,943009,936894
1445,swell,4914,942971,938057
1446,chimney,2745,942816,940071
1447,24th,8103,942654,934551
1448,relics,3297,942368,939071
1449,legends,10986,942342,931356
1450,ian,73779,942305,868526
1451,preferable,1293990,941709,352281
1452,wines,21911,941452,919541
1453,shocked,2337,941411,939074
1454,advent,11490,941389,929899
1455,cats,26818,941233,914415
1456,symphony,12262,941134,928872
1457,denying,5315,940856,935541
1458,fossil,28210,940823,912613
1459,receptors,12344,940796,928452
1460,subdued,1977,940657,938680
1461,metropolis,29755,940551,910796
1462,subsidiary,11206,940447,929241
1463,jewels,2302,940390,938088
1464,1847,882716,940118,57402
1465,cheer,2064,940092,938028
1466,converse,64080,939926,875846
1467,athenians,1132,939514,938382
1468,dec,1279331,939152,340179
1469,engravings,6080,939069,932989
1470,angeles,212094,939011,726917
1471,stamped,89237,938963,849726
1472,extravagant,108295,938903,830608
1473,satisfying,7115,938685,931570
1474,arid,14832,938633,923801
1475,normandy,11487,938618,927131
1476,rev,1202063,938372,263691
1477,flint,57928,938353,880425
1478,carl,139023,938347,799324
1479,arctic,26844,938090,911246
1480,dissolve,18661,938058,919397
1481,heels,1888,937989,936101
1482,bennett,78565,937899,859334
1483,lecturer,11655,937896,926241
1484,anguish,3281,937830,934549
1485,celebration,701857,937559,235702
1486,dropping,4645,937514,932869
1487,advisable,8058,937301,929243
1488,paradox,23058,937299,914241
1489,assessing,18726,937294,918568
1490,spake,1184,937234,936050
1491,bitterness,2297,937200,934903
1492,338,418153,937180,519027
1493,1863,957550,937154,20396
1494,castles,6237,936969,930732
1495,maxwell,163400,936932,773532
1496,initiatives,1188460,936823,251637
1497,discontent,4883,936788,931905
1498,skeleton,10162,936749,926587
1499,delta,643265,936701,293436
1500,gospels,6050,936595,930545
1501,blew,1847,936404,934557
1502,outlines,15664,936193,920529
1503,asylum,18245,936165,917920
1504,unusually,4173,935939,931766
1505,literacy,21812,935797,913985
1506,1869,953823,935694,18129
1507,toxic,14277,935431,921154
1508,sensibility,8853,935070,926217
1509,novelty,6667,935000,928333
1510,coats,9415,934923,925508
1511,proprietors,5862,934864,929002
1512,1855,985224,934813,50411
1513,evaluated,15113,934797,919684
1514,acquiring,7389,934634,927245
1515,reconcile,5901,934529,928628
1516,velvet,5538,934097,928559
1517,sails,3067,933911,930844
1518,mare,438845,933601,494756
1519,proximity,10857,933506,922649
1520,energetic,6731,933435,926704
1521,messiah,4647,933402,928755
1522,waist,2744,933331,930587
1523,ingredients,160188,933320,773132
1524,capability,11542,933173,921631
1525,goat,9619,933162,923543
1526,thirdly,5902,932795,926893
1527,infer,20714,932783,912069
1528,nationality,41889,932657,890768
1529,differed,5865,932557,926692
1530,cohen,394169,932410,538241
1531,370,483822,932379,448557
1532,arteries,7117,932337,925220
1533,gale,193833,932205,738372
1534,politician,5138,931745,926607
1535,malcolm,79101,931672,852571
1536,pond,95212,931602,836390
1537,rivals,7828,931595,923767
1538,grim,9893,931418,921525
1539,steal,3773,931247,927474
1540,replies,92211,931060,838849
1541,prone,250259,930491,680232
1542,matched,6747,930474,923727
1543,contrasts,9940,930425,920485
1544,packet,11484,930203,918719
1545,parks,20769,930192,909423
1546,cumberland,78305,930087,851782
1547,melted,2740,930071,927331
1548,imperialism,22381,929990,907609
1549,valuation,22949,929761,906812
1550,cups,3864,929701,925837
1551,invaded,4537,929486,924949
1552,fundamentally,8564,929470,920906
1553,obeyed,2088,929412,927324
1554,3.2,314509,929339,614830
1555,341,389434,929310,539876
1556,dover,35227,929184,893957
1557,inferred,7634,929037,921403
1558,specify,10448,928913,918465
1559,closure,14782,928908,914126
1560,347,407567,928808,521241
1561,mystical,8097,928249,920152
1562,directing,5647,928164,922517
1563,disadvantages,6572,927986,921414
1564,longest,5077,927701,922624
1565,hee,14084,927674,913590
1566,oblique,660405,927324,266919
1567,standpoint,13251,927038,913787
1568,delicacy,2442,927024,924582
1569,1858,846993,926967,79974
1570,psalms,3403,926893,923490
1571,1846,863709,926804,63095
1572,d.d.,21416,926781,905365
1573,kenya,340180,926734,586554
1574,captive,212216,926727,714511
1575,panels,21961,926616,904655
1576,protector,9281,926566,917285
1577,consulting,27509,926542,899033
1578,distributions,502149,926512,424363
1579,colleague,6249,926462,920213
1580,clad,7544,926153,918609
1581,swallow,8502,926059,917557
1582,pennsylvania,64209,926056,861847
1583,babylon,9311,925862,916551
1584,coronation,4880,924862,919982
1585,regimes,1573271,924782,648489
1586,mt,301108,924757,623649
1587,negroes,11367,924309,912942
1588,lid,44562,924192,879630
1589,dye,22970,924157,901187
1590,mainland,11178,923909,912731
1591,clearer,5875,923728,917853
1592,appointments,4943,923691,918748
1593,graduate,45835,923684,877849
1594,flank,3885,923528,919643
1595,unnatural,3987,922869,918882
1596,anon,34496,922638,888142
1597,buyer,12849,922629,909780
1598,negligence,944807,922365,22442
1599,tightly,3257,922018,918761
1600,morally,4405,922000,917595
1601,phosphorus,22971,921971,899000
1602,abruptly,2877,921782,918905
1603,defiance,758195,921763,163568
1604,capt.,1086,921762,920676
1605,checking,8540,921228,912688
1606,emperors,3391,920958,917567
1607,autobiography,20442,920843,900401
1608,355,423425,920837,497412
1609,financing,37508,920551,883043
1610,poorer,5309,920265,914956
1611,freeman,73188,920178,846990
1612,hopkins,125029,919920,794891
1613,competitors,5367,919734,914367
1614,theatres,748830,919669,170839
1615,repairs,6538,919517,912979
1616,unreasonable,5847,919497,913650
1617,baltic,16534,919359,902825
1618,seamen,6974,919353,912379
1619,disturbing,5724,919316,913592
1620,glimpse,3497,919299,915802
1621,sire,1333293,919270,414023
1622,baths,5166,919165,913999
1623,amazing,4753,919079,914326
1624,ellen,53953,918993,865040
1625,offerings,3836,918899,915063
1626,ensuring,10031,918647,908616
1627,individually,8304,918043,909739
1628,dental,70825,917965,847140
1629,commentators,4809,917845,913036
1630,spectators,3294,917739,914445
1631,overhead,5339,917718,912379
1632,troublesome,3080,917560,914480
1633,impaired,7217,917537,910320
1634,instability,22100,917498,895398
1635,systemic,13899,917489,903590
1636,omission,471264,917460,446196
1637,shoe,11187,917300,906113
1638,intimacy,4276,917285,913009
1639,condemn,4142,917269,913127
1640,monstrous,3159,916747,913588
1641,powell,80665,916461,835796
1642,nails,5904,916174,910270
1643,psychiatric,17982,916066,898084
1644,hymns,3821,916057,912236
1645,multiply,4534,915999,911465
1646,complementary,18043,915856,897813
1647,forwards,2724,915848,913124
1648,believers,4004,915648,911644
1649,elasticity,13362,915506,902144
1650,ascent,4480,915496,911016
1651,dorothy,41504,915466,873962
1652,linking,13552,915457,901905
1653,1841,840509,915378,74869
1654,sudan,53047,915236,862189
1655,beginnings,15613,915117,899504
1656,assemblies,9571,915011,905440
1657,substantive,32539,914990,882451
1658,catching,4823,914918,910095
1659,380,506873,914573,407700
1660,defending,5831,914408,908577
1661,bi,648718,914404,265686
1662,foes,4781,914311,909530
1663,melt,8116,913971,905855
1664,embryo,25290,913707,888417
1665,intake,14170,913662,899492
1666,rash,9328,913597,904269
1667,inflammatory,8821,913437,904616
1668,auxiliary,14793,913432,898639
1669,precipitation,726763,913282,186519
1670,incentive,12652,913282,900630
1671,1832,823264,913223,89959
1672,arrives,1682218,912888,769330
1673,monastic,7258,912631,905373
1674,jungle,153741,912476,758735
1675,abu,124485,912451,787966
1676,ie,1779780,912345,867435
1677,adjective,17836,912317,894481
1678,d.c.,160051,912150,752099
1679,destitute,2734,912076,909342
1680,unlimited,9265,911785,902520
1681,pathology,32409,911777,879368
1682,excellency,31266,911672,880406
1683,decidedly,3536,911655,908119
1684,stimulate,8203,911616,903413
1685,353,403230,911388,508158
1686,diligence,605360,911358,305998
1687,ambassadors,5452,911224,905772
1688,devote,124994,911148,786154
1689,alloy,18613,911068,892455
1690,questioning,7846,911065,903219
1691,translate,18590,910761,892171
1692,harper,99493,910722,811229
1693,problematic,9387,910673,901286
1694,architects,26047,910661,884614
1695,dumb,4498,910628,906130
1696,innovations,759803,910145,150342
1697,voters,9041,910039,900998
1698,cemetery,6898,909787,902889
1699,abuses,45843,909773,863930
1700,terminology,24103,909330,885227
1701,trumpet,3455,909218,905763
1702,improbable,248915,909071,660156
1703,pub,141480,909024,767544
1704,oz,58401,909008,850607
1705,viewing,6815,908906,902091
1706,predecessor,6237,908870,902633
1707,leslie,70807,908849,838042
1708,persisted,4054,908446,904392
1709,recreation,247438,908166,660728
1710,jr.,100714,907995,807281
1711,imitate,3930,907894,903964
1712,modify,13543,907846,894303
1713,delegates,18146,907342,889196
1714,vs,277865,907197,629332
1715,westward,5730,906954,901224
1716,disturb,4697,906765,902068
1717,batteries,1013439,906666,106773
1718,nitric,5254,906616,901362
1719,exploit,475921,906600,430679
1720,flocks,3412,906543,903131
1721,frontiers,19270,906409,887139
1722,faded,2326,906392,904066
1723,circumference,3541,906349,902808
1724,vine,41218,906281,865063
1725,vicious,4345,906053,901708
1726,dem,1877726,905956,971770
1727,affirm,5707,905648,899941
1728,exertions,3153,905528,902375
1729,hears,3005,905351,902346
1730,mass.,48497,905229,856732
1731,comprises,983821,905222,78599
1732,buddhist,12475,904854,892379
1733,labelled,9801,904840,895039
1734,1844,801578,904834,103256
1735,recollect,2113,904683,902570
1736,spherical,10547,904603,894056
1737,whisper,1632,904476,902844
1738,closest,6710,904415,897705
1739,airport,16703,904323,887620
1740,jerome,903933,904049,116
1741,kindred,5267,904018,898751
1742,rods,7313,903835,896522
1743,cox,87189,903750,816561
1744,buddha,59082,903708,844626
1745,shelf,22675,903433,880758
1746,mosaic,21184,903428,882244
1747,holmes,99694,903161,803467
1748,flavour,4920,903141,898221
1749,incentives,17926,903067,885141
1750,habitat,1240803,903036,337767
1751,irritation,880899,903000,22101
1752,lang,354995,902965,547970
1753,generalized,19509,902919,883410
1754,dirt,5642,902894,897252
1755,din,215179,902753,687574
1756,clare,54914,902602,847688
1757,hip,51136,901895,850759
1758,spoil,4270,901862,897592
1759,brains,7296,901774,894478
1760,ob,477532,901573,424041
1761,1852,1097777,901051,196726
1762,insertion,1446060,901040,545020
1763,affirmed,5143,900881,895738
1764,344,402691,900853,498162
1765,predictions,230584,900768,670184
1766,stately,1508,900595,899087
1767,misleading,7248,900281,893033
1768,privacy,19605,900235,880630
1769,disk,14340,899838,885498
1770,ribs,4386,899787,895401
1771,tiger,16614,899757,883143
1772,astronomy,22588,899660,877072
1773,tending,6496,899649,893153
1774,threads,11145,899423,888278
1775,nec,632567,899352,266785
1776,quartz,858828,899049,40221
1777,friedrich,343574,898620,555046
1778,1842,790640,898060,107420
1779,advisory,36411,898006,861595
1780,handful,2996,897936,894940
1781,sailor,5607,897791,892184
1782,metaphysics,24399,897140,872741
1783,soup,19931,897055,877124
1784,disgust,1962,896746,894784
1785,349,380878,896673,515795
1786,reconciled,2987,896524,893537
1787,sprung,6436,896448,890012
1788,hemisphere,526322,896232,369910
1789,martha,79647,896175,816528
1790,mac,849394,896174,46780
1791,forgiveness,2268,896091,893823
1792,delicious,10146,896079,885933
1793,seals,14520,895991,881471
1794,collision,216811,895934,679123
1795,hanged,1620,895923,894303
1796,founding,14149,895811,881662
1797,strive,4580,895796,891216
1798,375,463937,895782,431845
1799,constructive,183979,895686,711707
1800,vile,268435,895372,626937
1801,launch,7317,894883,887566
1802,oi,244699,894866,650167
1803,temperate,8291,894729,886438
1804,gazed,937,894649,893712
1805,1815,1179339,894629,284710
1806,juvenile,286869,894618,607749
1807,madras,169932,894401,724469
1808,sinners,1629,894376,892747
1809,bart,100709,894181,793472
1810,assign,8243,894128,885885
1811,broadcasting,31752,893949,862197
1812,wesley,47215,893844,846629
1813,endured,2074,893825,891751
1814,consented,2917,893760,890843
1815,bet,59750,893678,833928
1816,thief,4208,893641,889433
1817,lesion,1404090,893472,510618
1818,scientist,23776,892993,869217
1819,342,387168,892984,505816
1820,nickel,538570,892737,354167
1821,tips,6986,892637,885651
1822,stain,9824,892578,882754
1823,carpet,5719,892541,886822
1824,carriages,2326,892493,890167
1825,vibration,400024,892404,492380
1826,grades,738315,892399,154084
1827,antibody,15035,892336,877301
1828,cage,584099,892240,308141
1829,captains,3738,891954,888216
1830,zealous,2056,891891,889835
1831,insulin,13633,891745,878112
1832,miniature,300507,891635,591128
1833,discount,19799,891596,871797
1834,contra,656674,891307,234633
1835,fluids,18302,890988,872686
1836,diffuse,757491,890777,133286
1837,canals,14247,890663,876416
1838,contradictions,1465990,890486,575504
1839,banished,1796,890230,888434
1840,owes,5381,889602,884221
1841,darker,3654,889452,885798
1842,shoots,5629,889127,883498
1843,tonight,3729,888951,885222
1844,authorised,10440,888940,878500
1845,germ,72358,888836,816478
1846,seller,49568,888738,839170
1847,cos,304649,888675,584026
1848,reservoir,1078393,888635,189758
1849,346,388890,888159,499269
1850,1856,950440,887747,62693
1851,dwellings,11933,887095,875162
1852,extinct,5495,887041,881546
1853,erroneous,5775,886758,880983
1854,aristocratic,4145,886529,882384
1855,gigantic,3697,886491,882794
1856,1853,859174,886213,27039
1857,plaster,5783,886074,880291
1858,incompatible,592145,886036,293891
1859,amended,17978,885827,867849
1860,triumphant,3961,885623,881662
1861,marlborough,95905,884923,789018
1862,enduring,6297,884716,878419
1863,raymond,1555393,884679,670714
1864,mediated,11500,884549,873049
1865,norton,77941,884247,806306
1866,hague,90418,884222,793804
1867,cigarette,235386,884187,648801
1868,initiation,790767,884064,93297
1869,victories,2605,883873,881268
1870,heavier,4309,883798,879489
1871,footing,11828,883542,871714
1872,contemplated,8331,883516,875185
1873,behaved,2638,883424,880786
1874,beans,14602,883372,868770
1875,exertion,5419,883296,877877
1876,exploring,14870,882959,868089
1877,reproductive,51521,882833,831312
1878,effectually,1993,882448,880455
1879,modesty,2980,882415,879435
1880,sandstone,13443,882304,868861
1881,cooperative,902266,881958,20308
1882,ambiguity,14649,881924,867275
1883,sweeping,3933,881881,877948
1884,roused,1028,881875,880847
1885,troop,3374,881738,878364
1886,focal,67781,881538,813757
1887,stimulating,11834,881507,869673
1888,purchaser,6643,881248,874605
1889,trustee,32822,881135,848313
1890,tents,6448,881071,874623
1891,practicable,8287,880950,872663
1892,chancery,10179,880947,870768
1893,picking,4880,880734,875854
1894,dilute,6904,880373,873469
1895,348,403380,880255,476875
1896,1849,936963,880143,56820
1897,advertisement,4014,880044,876030
1898,silently,1554,879913,878359
1899,enlargement,11265,879803,868538
1900,hem,140804,879777,738973
1901,belgian,60135,879599,819464
1902,plutarch,9842,879557,869715
1903,1837,842145,879477,37332
1904,issuing,7078,879450,872372
1905,introduces,8782,879148,870366
1906,praying,3064,878849,875785
1907,pulpit,2216,878611,876395
1908,30th,11550,878579,867029
1909,meadows,15937,878509,862572
1910,volcanic,16221,878485,862264
1911,1839,785492,878446,92954
1912,uncomfortable,1954,878290,876336
1913,radicals,9296,878187,868891
1914,felix,1128351,878093,250258
1915,adapt,15874,877937,862063
1916,shower,3114,877862,874748
1917,4.1,232424,877857,645433
1918,1820,714314,877614,163300
1919,28th,8395,877602,869207
1920,variant,618216,877425,259209
1921,loudly,1398,877347,875949
1922,reg,424993,877267,452274
1923,provisional,23013,877036,854023
1924,polymer,15864,876848,860984
1925,sinner,8689,876782,868093
1926,normative,230687,876713,646026
1927,resign,2616,876416,873800
1928,unfair,7874,876143,868269
1929,belfast,49254,876079,826825
1930,defences,6744,875924,869180
1931,excepting,4115,875398,871283
1932,convex,9383,875187,865804
1933,monasteries,5128,875086,869958
1934,shewn,1988,874837,872849
1935,amateur,610392,874762,264370
1936,envelope,11068,874586,863518
1937,spark,9508,874163,864655
1938,keith,87228,874106,786878
1939,elbow,6264,874062,867798
1940,ken,64129,874017,809888
1941,spotted,5600,873725,868125
1942,classics,21177,873600,852423
1943,pretensions,7774,873552,865778
1944,formulae,14153,873444,859291
1945,coffin,20468,873202,852734
1946,protested,2426,873199,870773
1947,southampton,57390,873008,815618
1948,manipulation,525859,872867,347008
1949,conversely,7896,872532,864636
1950,extremes,1591551,872222,719329
1951,upstairs,1333,872200,870867
1952,rs,247175,871908,624733
1953,ticket,76703,871904,795201
1954,bin,105509,871891,766382
1955,patriotic,7603,871554,863951
1956,profoundly,5830,871350,865520
1957,emancipation,1009505,871338,138167
1958,piston,767533,871325,103792
1959,swallowed,1755,871308,869553
1960,screening,21403,871189,849786
1961,mythology,13085,871118,858033
1962,roar,2813,870975,868162
1963,robust,6948,870959,864011
1964,joyce,153311,870766,717455
1965,festivals,88914,870650,781736
1966,browne,42765,870442,827677
1967,premium,14434,870410,855976
1968,tumor,28266,870397,842131
1969,pavement,71527,870063,798536
1970,amen,193974,870056,676082
1971,lions,576630,870029,293399
1972,ep,193883,869984,676101
1973,acceleration,804374,869779,65405
1974,symptom,10151,869730,859579
1975,mounting,4646,869662,865016
1976,regeneration,727868,869584,141716
1977,shilling,38188,869309,831121
1978,localities,12295,868950,856655
1979,selecting,7347,868779,861432
1980,baldwin,96305,868730,772425
1981,discovering,6098,868717,862619
1982,photography,23948,868455,844507
1983,mediaeval,19974,868273,848299
1984,quid,477905,868205,390300
1985,adjust,7618,867825,860207
1986,sown,3158,867782,864624
1987,confine,257212,867678,610466
1988,resided,3108,867264,864156
1989,moderation,1166835,867202,299633
1990,consciously,5270,867195,861925
1991,chlorine,9545,867165,857620
1992,boom,151713,867089,715376
1993,subsidies,20375,867046,846671
1994,broadcast,10361,866940,856579
1995,staircase,2760,866687,863927
1996,wept,1341,866544,865203
1997,graphic,13949,866533,852584
1998,episcopal,286078,866454,580376
1999,ram,91767,866413,774646
2000,otto,431731,866312,434581
2001,357,383024,866236,483212
2002,borrowing,10896,866219,855323
2003,352,390364,866197,475833
2004,bestow,1751,866157,864406
2005,graces,1470092,866139,603953
2006,patriotism,5394,866078,860684
2007,straits,18874,866073,847199
2008,abstraction,1636979,866041,770938
2009,extinction,757328,865743,108415
2010,orderly,5108,865704,860596
2011,episodes,659608,865565,205957
2012,parson,13002,865496,852494
2013,ulster,46797,865315,818518
2014,rapidity,3788,865048,861260
2015,tensions,1062185,864946,197239
2016,stripped,3611,864843,861232
2017,coincidence,659208,864741,205533
2018,metabolic,15762,864733,848971
2019,restrained,3532,864652,861120
2020,garment,4452,864511,860059
2021,isaiah,10215,864287,854072
2022,reddish,4644,864284,859640
2023,coordinates,8962,864264,855302
2024,dove,107721,864192,756471
2025,atlas,958237,864125,94112
2026,gdp,12951,863857,850906
2027,precipitated,3860,863805,859945
2028,triangular,8230,863749,855519
2029,pensions,1649762,862992,786770
2030,violin,4982,862927,857945
2031,treatments,20374,862769,842395
2032,plead,3386,862649,859263
2033,impossibility,8102,862628,854526
2034,acad,499896,862610,362714
2035,indonesia,37286,862584,825298
2036,folds,7550,862407,854857
2037,hie,43466,862177,818711
2038,optimum,369108,862069,492961
2039,focusing,9622,861805,852183
2040,contributing,9987,861720,851733
2041,ins,298148,861634,563486
2042,26th,7487,861247,853760
2043,insights,13179,861187,848008
2044,elizabethan,7888,861169,853281
2045,prerogative,393326,861083,467757
2046,interventions,1466443,860806,605637
2047,attainment,8329,860576,852247
2048,textile,676058,860498,184440
2049,parallels,8487,860417,851930
2050,announcement,5983,860379,854396
2051,371,349811,860268,510457
2052,premature,255930,859824,603894
2053,liberalism,18241,859696,841455
2054,myths,20075,859695,839620
2055,insurrection,1477408,859296,618112
2056,strengthening,11492,858824,847332
2057,boil,4980,858730,853750
2058,halls,49841,858307,808466
2059,morton,94763,857945,763182
2060,dig,90064,857727,767663
2061,figured,5291,857724,852433
2062,robe,1615980,857403,758577
2063,conveniently,4064,857374,853310
2064,arena,58606,856955,798349
2065,ode,276451,856757,580306
2066,hybrid,15918,856702,840784
2067,embarked,3425,856684,853259
2068,ag,322183,856638,534455
2069,biographical,17041,856530,839489
2070,whig,54301,856528,802227
2071,petals,1783,856444,854661
2072,wisely,2675,855576,852901
2073,bankruptcy,12679,855533,842854
2074,doom,6886,855197,848311
2075,forbid,3271,855148,851877
2076,ea,576038,855013,278975
2077,opium,583912,854856,270944
2078,mentally,10306,854849,844543
2079,retains,8593,854799,846206
2080,hr,56950,854785,797835
2081,modernity,24314,854583,830269
2082,disagreeable,1347,854483,853136
2083,suppliers,6636,854460,847824
2084,praises,2170,854286,852116
2085,shortage,10386,854114,843728
2086,locks,4542,853995,849453
2087,m.d.,50202,853472,803270
2088,insoluble,520321,853011,332690
2089,etal,677462,852997,175535
2090,afflicted,2092,852934,850842
2091,locus,165256,852815,687559
2092,grip,14760,852726,837966
2093,usefulness,9657,852592,842935
2094,1843,743091,852398,109307
2095,ventricular,8744,852358,843614
2096,clin,310291,852062,541771
2097,351,366884,852050,485166
2098,potash,5050,852049,846999
2099,1835,743825,851882,108057
2100,dispersion,1034797,851867,182930
2101,eloquent,430557,851866,421309
2102,instructive,211966,851831,639865
2103,volatile,130178,851655,721477
2104,hesitate,4781,851647,846866
2105,cuba,783390,851549,68159
2106,undergone,7812,851472,843660
2107,av,792054,851410,59356
2108,ingenuity,2866,851196,848330
2109,injurious,4615,851179,846564
2110,sounding,5424,851142,845718
2111,teaches,3587,851112,847525
2112,ballad,4344,851019,846675
2113,solo,431047,850931,419884
2114,steamer,86506,850883,764377
2115,extremities,4445,850623,846178
2116,gabriel,1176454,850524,325930
2117,354,376207,850355,474148
2118,hasty,2791,850332,847541
2119,pathway,7955,850306,842351
2120,cole,194234,849846,655612
2121,pouring,2251,849760,847509
2122,florida,67978,849679,781701
2123,donor,13303,849569,836266
2124,miraculous,2697,849434,846737
2125,heed,2385,849234,846849
2126,1838,825622,849012,23390
2127,4.2,226207,848886,622679
2128,363,394973,848853,453880
2129,carlyle,71140,848820,777680
2130,wits,3632,847719,844087
2131,challenging,7454,847705,840251
2132,1834,750311,847634,97323
2133,successively,7705,847415,839710
2134,leaned,776,847223,846447
2135,compliment,245495,847056,601561
2136,analytic,18454,846977,828523
2137,engraving,5825,846521,840696
2138,priori,1806715,846409,960306
2139,trusts,200788,846137,645349
2140,vitro,265723,845555,579832
2141,echoes,6487,845528,839041
2142,nato,45554,845520,799966
2143,rationality,20729,845408,824679
2144,pliny,3533,845293,841760
2145,ceases,4674,845205,840531
2146,theodore,637397,845080,207683
2147,reinforcement,10044,844995,834951
2148,motivated,8438,844792,836354
2149,plantation,832526,844717,12191
2150,calculating,9358,844487,835129
2151,respiration,1396493,844443,552050
2152,simpson,99694,844385,744691
2153,ongoing,7508,844034,836526
2154,grouped,9910,843955,834045
2155,edgar,377773,843822,466049
2156,narrator,11052,843730,832678
2157,tap,29343,843713,814370
2158,medal,8842,843630,834788
2159,dined,610,843612,843002
2160,diplomacy,33038,843550,810512
2161,humbly,2811,843429,840618
2162,bushes,2058,843248,841190
2163,decreasing,15596,842948,827352
2164,palaces,22282,842833,820551
2165,rhodes,278001,842541,564540
2166,awakened,2018,842422,840404
2167,incorporation,448585,842411,393826
2168,suppress,5073,842402,837329
2169,supplementary,22751,842383,819632
2170,novelist,7112,842290,835178
2171,abide,2955,842269,839314
2172,labourer,144754,842207,697453
2173,immunity,24834,842014,817180
2174,refuses,184295,841954,657659
2175,prophetic,3315,841855,838540
2176,ceylon,20646,841768,821122
2177,burma,20669,841681,821012
2178,communicating,5959,841680,835721
2179,pursuits,2788,841609,838821
2180,rating,17666,841458,823792
2181,deduced,13695,841112,827417
2182,posted,3595,841072,837477
2183,flourished,2588,840643,838055
2184,weeds,6385,840482,834097
2185,359,359745,840426,480681
2186,binary,14813,840399,825586
2187,indefinite,11004,839835,828831
2188,replacing,8291,839788,831497
2189,buffer,15543,839584,824041
2190,1.0,232550,839153,606603
2191,baptized,1773,839143,837370
2192,intimately,4796,838856,834060
2193,niece,435213,838740,403527
2194,converts,4049,838461,834412
2195,sauce,189056,838315,649259
2196,unseen,3348,838291,834943
2197,brightness,6029,838198,832169
2198,sally,30059,837810,807751
2199,isabella,28693,837306,808613
2200,ashore,2066,837181,835115
2201,booth,42835,837123,794288
2202,endeavouring,2287,837067,834780
2203,parade,375813,837010,461197
2204,regulating,15322,836945,821623
2205,epistles,2959,836928,833969
2206,apr.,2005,836743,834738
2207,treats,5439,836593,831154
2208,blackwell,74598,836550,761952
2209,firstly,13654,836543,822889
2210,tenor,125581,836498,710917
2211,despatch,10991,836149,825158
2212,reflex,23951,836143,812192
2213,356,383033,836003,452970
2214,guineas,1252,836000,834748
2215,vita,477716,835897,358181
2216,conservatives,6182,835858,829676
2217,blocked,5418,835775,830357
2218,rhyme,3614,835553,831939
2219,oven,8322,835337,827015
2220,pits,13116,835208,822092
2221,deceive,2003,834858,832855
2222,thereto,19367,834800,815433
2223,effectual,2132,834783,832651
2224,prospective,296340,834703,538363
2225,blunt,17862,834615,816753
2226,mast,28466,834490,806024
2227,hydrochloric,1865,834487,832622
2228,27th,7795,834415,826620
2229,alert,7975,834386,826411
2230,duck,11086,834328,823242
2231,361,353084,834296,481212
2232,addison,70550,834265,763715
2233,centers,35089,834237,799148
2234,benevolence,6423,834147,827724
2235,exported,13493,834093,820600
2236,decorative,125317,834080,708763
2237,floors,7836,834018,826182
2238,vectors,10089,833694,823605
2239,hesitated,1318,833558,832240
2240,nouns,11846,833507,821661
2241,sorrows,1995,833138,831143
2242,harmless,2945,833037,830092
2243,glowing,1742,833009,831267
2244,captivity,3870,832950,829080
2245,grammatical,187634,832921,645287
2246,gaps,12276,832805,820529
2247,cooked,3777,832773,828996
2248,decrees,8927,832703,823776
2249,paste,17016,832688,815672
2250,hir,24897,832612,807715
2251,entertaining,2613,832265,829652
2252,1836,793962,832038,38076
2253,410,371567,831986,460419
2254,wander,5937,831894,825957
2255,pastor,67167,831823,764656
2256,treachery,1337,831664,830327
2257,demy,94367,831568,737201
2258,galleries,17046,831350,814304
2259,evenings,2053,831348,829295
2260,conquer,3913,831240,827327
2261,shy,3248,830984,827736
2262,intestinal,279496,830822,551326
2263,judaism,13554,830469,816915
2264,"5,000",282632,830447,547815
2265,jam,217702,830221,612519
2266,sunny,6138,829737,823599
2267,museums,35344,829667,794323
2268,vow,3117,829655,826538
2269,packing,11629,829512,817883
2270,warn,4368,829493,825125
2271,breasts,2546,829370,826824
2272,ventilation,569656,829357,259701
2273,drivers,10649,829355,818706
2274,nos.,3125,829211,826086
2275,tumours,7700,829165,821465
2276,mainstream,10280,829113,818833
2277,priorities,11643,829016,817373
2278,incidentally,5509,828615,823106
2279,trauma,67461,828359,760898
2280,omit,19090,828218,809128
2281,registers,17483,828177,810694
2282,feasible,9323,827769,818446
2283,refrain,223750,827619,603869
2284,whip,7609,827400,819791
2285,audit,872874,827279,45595
2286,mock,9073,827199,818126
2287,solemnly,2492,826925,824433
2288,intolerable,352220,826897,474677
2289,dances,20987,826887,805900
2290,unsatisfactory,6057,826791,820734
2291,suffers,5002,826779,821777
2292,cam,128440,826714,698274
2293,celebrate,4855,826222,821367
2294,toe,56473,826106,769633
2295,antibodies,14340,826076,811736
2296,0.0,380117,825966,445849
2297,fog,10966,825959,814993
2298,click,5419,825906,820487
2299,sighed,466,825797,825331
2300,roofs,4463,825642,821179
2301,2.3,309903,825525,515622
2302,wickedness,1207,825518,824311
2303,behavioural,12303,825467,813164
2304,dine,221958,825455,603497
2305,wandered,1069,825378,824309
2306,colin,850008,825334,24674
2307,reminds,4870,825188,820318
2308,yoke,3387,825051,821664
2309,maxim,54481,824519,770038
2310,henderson,82530,824468,741938
2311,3.5,190164,824327,634163
2312,carcinoma,20737,824200,803463
2313,racing,12442,824001,811559
2314,startled,852,823956,823104
2315,theorists,5434,823676,818242
2316,spectral,67787,823631,755844
2317,hamburg,112362,823606,711244
2318,arabian,15155,823605,808450
2319,convictions,818939,823195,4256
2320,rhetorical,9605,823087,813482
2321,creek,58001,822948,764947
2322,portland,116236,822765,706529
2323,float,9147,822735,813588
2324,1833,797045,822670,25625
2325,evangelical,7665,822661,814996
2326,argentina,93169,822651,729482
2327,scent,2342,822594,820252
2328,psychiatry,57491,822512,765021
2329,joins,138694,822348,683654
2330,couch,9427,822291,812864
2331,isbn,404457,821754,417297
2332,gaul,12492,821705,809213
2333,indicative,74296,821570,747274
2334,differentiated,12423,821536,809113
2335,illuminated,6185,821481,815296
2336,excavations,141724,821382,679658
2337,roosevelt,355190,821337,466147
2338,capitals,6530,821304,814774
2339,dictated,4951,821243,816292
2340,arterial,11667,821119,809452
2341,illumination,243314,821097,577783
2342,ancestor,7069,821018,813949
2343,gifted,4189,820839,816650
2344,goats,7283,820808,813525
2345,flowed,2516,820610,818094
2346,ohio,211644,820555,608911
2347,feather,6526,820470,813944
2348,distinguishes,6970,820447,813477
2349,nought,1449,820253,818804
2350,dir,763789,820242,56453
2351,discern,3633,820240,816607
2352,noticeable,7739,820187,812448
2353,admitting,4220,820086,815866
2354,earthquake,13667,819975,806308
2355,hyde,115543,819656,704113
2356,eminently,2838,819619,816781
2357,purchases,6770,819384,812614
2358,stature,250186,819309,569123
2359,twist,15376,819226,803850
2360,shrubs,3854,819167,815313
2361,364,373109,819046,445937
2362,rushing,1826,818967,817141
2363,holders,11244,818891,807647
2364,penetrated,3795,818883,815088
2365,georgia,32362,818861,786499
2366,lawn,9536,818827,809291
2367,spray,20750,818720,797970
2368,neutrality,17786,818707,800921
2369,acetate,374476,818698,444222
2370,358,384301,818527,434226
2371,evaporation,692756,818456,125700
2372,finishing,6633,818447,811814
2373,scrutiny,6276,818278,812002
2374,thro,3484,818254,814770
2375,ordinarily,5629,818179,812550
2376,bailey,61808,818162,756354
2377,29th,8079,817414,809335
2378,stance,52712,817283,764571
2379,gazing,1393,817231,815838
2380,chile,88864,817137,728273
2381,neural,36434,817043,780609
2382,fain,47852,816902,769050
2383,receipts,9452,816832,807380
2384,367,368484,816725,448241
2385,tread,5075,816671,811596
2386,ref,283943,816554,532611
2387,terrorism,14934,816513,801579
2388,aye,76295,816505,740210
2389,hym,4178,816448,812270
2390,admirably,2264,816448,814184
2391,outlet,7803,816443,808640
2392,overlap,8183,816439,808256
2393,offender,9624,816394,806770
2394,happier,1811,816355,814544
2395,minorities,21931,816333,794402
2396,hiv,57681,816319,758638
2397,parcel,8943,816243,807300
2398,rebuilt,1962,816234,814272
2399,fills,4891,816047,811156
2400,caring,6306,815916,809610
2401,nancy,1465537,815903,649634
2402,dealings,3977,815899,811922
2403,abused,3563,815762,812199
2404,neatly,2263,815694,813431
2405,radial,118531,815433,696902
2406,obedient,5294,815333,810039
2407,inconvenience,4052,815010,810958
2408,couples,956218,814927,141291
2409,pseudo,847576,814838,32738
2410,movie,13054,814763,801709
2411,priory,2500,814597,812097
2412,constructing,11090,814590,803500
2413,gestures,6598,814454,807856
2414,massacre,840988,814071,26917
2415,brighton,46938,813924,766986
2416,systematically,11226,813872,802646
2417,variability,26189,813621,787432
2418,yale,155203,813471,658268
2419,beads,5298,813316,808018
2420,elegance,915950,813015,102935
2421,transfers,18779,812943,794164
2422,alkali,67216,812911,745695
2423,hercules,43088,812850,769762
2424,900,1013637,812838,200799
2425,keynes,204318,812804,608486
2426,fitness,13676,812716,799040
2427,1831,892392,812646,79746
2428,swan,35190,812461,777271
2429,herbs,2356,812394,810038
2430,warlike,2576,812335,809759
2431,purified,7670,812203,804533
2432,brutal,459319,812093,352774
2433,nuts,9710,812059,802349
2434,criminals,8718,811989,803271
2435,intra,833206,811887,21319
2436,jar,31261,811702,780441
2437,alloys,24638,811643,787005
2438,impress,5448,811543,806095
2439,threaten,4436,811409,806973
2440,indulge,2340,811358,809018
2441,formations,1767627,811287,956340
2442,seasonal,26619,811188,784569
2443,adv,54730,811149,756419
2444,globalization,22616,810951,788335
2445,dissertation,572796,810896,238100
2446,similarities,11970,810823,798853
2447,strips,9798,810776,800978
2448,fraser,81637,810743,729106
2449,intuition,1271322,810650,460672
2450,greeted,1719,810243,808524
2451,theft,8030,810166,802136
2452,369,353681,809912,456231
2453,rains,34794,809590,774796
2454,manly,5102,809485,804383
2455,nobleman,2308,809426,807118
2456,alex,193599,809344,615745
2457,5.1,171827,808971,637144
2458,wears,2560,808949,806389
2459,deliverance,1885,808767,806882
2460,bankers,16625,808749,792124
2461,390,408468,808627,400159
2462,betray,2161,808509,806348
2463,tricks,3376,808302,804926
2464,malta,26865,808229,781364
2465,statesmen,4454,808061,803607
2466,pronounce,3993,807945,803952
2467,baltimore,207358,807756,600398
2468,clarity,7709,807403,799694
2469,queer,13198,807350,794152
2470,matching,12437,807317,794880
2471,goldsmith,39305,807316,768011
2472,reckon,2019,807255,805236
2473,candles,1685,807180,805495
2474,366,370601,807159,436558
2475,ensuing,4308,807006,802698
2476,asiatic,29495,806804,777309
2477,tan,425934,806768,380834
2478,yellowish,3088,806574,803486
2479,eastward,4119,806487,802368
2480,aperture,21574,806435,784861
2481,solids,23581,806327,782746
2482,1500,422951,806071,383120
2483,erection,429915,805986,376071
2484,habitual,8199,805953,797754
2485,raid,111527,805938,694411
2486,sweetness,2206,805320,803114
2487,restrain,3012,805235,802223
2488,rigorous,7230,805206,797976
2489,ceremonial,297627,805106,507479
2490,reigned,1488,804916,803428
2491,rochester,58775,804775,746000
2492,norwegian,21676,804702,783026
2493,behavioral,38544,804666,766122
2494,enriched,8355,804615,796260
2495,dale,82473,804549,722076
2496,korean,16258,804498,788240
2497,exp,330587,804462,473875
2498,forthwith,5036,804459,799423
2499,facial,181518,804332,622814
2500,sanctions,994971,804310,190661
2501,infra,942719,804256,138463
2502,anal,244427,804075,559648
2503,zeus,184202,803947,619745
2504,dignified,1698,803688,801990
2505,rex,270633,803670,533037
2506,hides,5332,803669,798337
2507,allan,102293,803297,701004
2508,app,142882,803283,660401
2509,swiftly,1609,803276,801667
2510,documented,9359,803064,793705
2511,divides,4162,802941,798779
2512,managerial,30185,802861,772676
2513,lowering,8852,802857,794005
2514,superb,4549,802481,797932
2515,boss,39158,802455,763297
2516,hostilities,6892,802259,795367
2517,giles,36616,802223,765607
2518,mint,12055,802104,790049
2519,lending,12564,802090,789526
2520,etiam,575518,801830,226312
2521,simplified,13896,801569,787673
2522,impatience,950260,801481,148779
2523,rep.,41384,801445,760061
2524,jesuits,6359,801288,794929
2525,mum,27639,800745,773106
2526,electrode,316366,800604,484238
2527,bach,316215,800596,484381
2528,chariot,466582,800373,333791
2529,distorted,6234,800194,793960
2530,presidency,11655,800145,788490
2531,blamed,2758,800140,797382
2532,needless,3519,800094,796575
2533,journalist,6421,800056,793635
2534,362,347127,800027,452900
2535,importantly,5718,799904,794186
2536,debtor,14396,799845,785449
2537,larvae,26686,799751,773065
2538,flourishing,3181,799418,796237
2539,disciple,885067,799388,85679
2540,peculiarities,5635,799323,793688
2541,fisheries,50567,799289,748722
2542,michigan,233203,799275,566072
2543,wholesale,15697,799191,783494
2544,385,396057,799058,403001
2545,discusses,12363,798878,786515
2546,pierced,1984,798597,796613
2547,hearth,5815,798438,792623
2548,hats,3725,798383,794658
2549,computing,19238,798357,779119
2550,jehovah,125437,798346,672909
2551,commonplace,5254,798099,792845
2552,1920s,5397,798038,792641
2553,confinement,65342,797931,732589
2554,cc,491270,797805,306535
2555,mamma,11808,797571,785763
2556,trousers,1662,797566,795904
2557,lyons,88449,797529,709080
2558,porch,2842,797466,794624
2559,pilgrims,5545,797416,791871
2560,lacks,9130,797404,788274
2561,damned,4359,797387,793028
2562,cricket,21804,797335,775531
2563,flourish,2777,796950,794173
2564,nail,20032,796909,776877
2565,kinetic,14834,796878,782044
2566,cod,247745,796763,549018
2567,373,367323,796726,429403
2568,substituting,5595,796514,790919
2569,3.3,247463,796506,549043
2570,persians,1657,796216,794559
2571,monkey,12940,796125,783185
2572,gentiles,22118,796095,773977
2573,stevenson,85867,796051,710184
2574,prague,801689,795959,5730
2575,specialists,17903,795954,778051
2576,theoretically,10009,795949,785940
2577,plunged,1665,795864,794199
2578,hearty,1944,795411,793467
2579,worshipped,1629,795341,793712
2580,tit,429069,795186,366117
2581,countless,3032,795073,792041
2582,plymouth,74307,794841,720534
2583,ascended,1022,794747,793725
2584,scenario,581485,794593,213108
2585,precepts,3501,794222,790721
2586,equitable,862040,794222,67818
2587,doomed,3861,794023,790162
2588,proposes,958426,793964,164462
2589,jonson,23013,793573,770560
2590,winged,3442,793449,790007
2591,starch,8024,793390,785366
2592,presidential,19647,793378,773731
2593,magical,7132,793369,786237
2594,coronary,15440,792942,777502
2595,cal,297168,792890,495722
2596,interruption,1166010,792849,373161
2597,preachers,2992,792801,789809
2598,intestine,49672,792739,743067
2599,ranged,5462,792692,787230
2600,"3,000",336061,792528,456467
2601,apostolic,6127,792494,786367
2602,compel,4537,792311,787774
2603,confounded,1529,792239,790710
2604,antigen,15768,792114,776346
2605,1825,639621,792105,152484
2606,telescope,187338,792062,604724
2607,individuality,6699,791814,785115
2608,unfavourable,5803,791762,785959
2609,mortar,4056,791554,787498
2610,inappropriate,4894,791445,786551
2611,ovid,11293,791366,780073
2612,falsehood,2221,791363,789142
2613,frankly,3518,791098,787580
2614,portfolio,23081,790911,767830
2615,bilateral,167010,790864,623854
2616,368,380238,790736,410498
2617,pleaded,3416,790672,787256
2618,robes,474750,790407,315657
2619,dashed,6054,790361,784307
2620,billy,102712,790256,687544
2621,emigration,1471408,790153,681255
2622,shaping,15294,789864,774570
2623,420,478196,789864,311668
2624,negotiate,5288,789592,784304
2625,ornamental,3613,789586,785973
2626,greene,55331,789548,734217
2627,interpreting,13142,789522,776380
2628,abortion,14495,789389,774894
2629,evelyn,31604,789314,757710
2630,iodine,8236,789211,780975
2631,xxv,444996,789197,344201
2632,demonstrations,655247,789039,133792
2633,oaths,2444,788663,786219
2634,freezing,21034,788479,767445
2635,instincts,714122,788461,74339
2636,complexion,79653,788268,708615
2637,swim,3305,788145,784840
2638,escort,4736,788070,783334
2639,berry,546234,788046,241812
2640,photographic,11470,787429,775959
2641,mediation,1029582,787153,242429
2642,urinary,12570,787076,774506
2643,magnet,12343,787052,774709
2644,southeast,31366,786960,755594
2645,consolidated,27351,786866,759515
2646,weaknesses,5026,786669,781643
2647,lemon,11651,786452,774801
2648,sack,17462,786359,768897
2649,wa,154237,786305,632068
2650,footsteps,2487,785871,783384
2651,matches,35352,785854,750502
2652,recurrent,123788,785836,662048
2653,richest,3283,785611,782328
2654,ultra,707012,785587,78575
2655,disappearance,11701,785543,773842
2656,anticipation,428162,785479,357317
2657,ministerial,11940,785447,773507
2658,1.3,303069,785194,482125
2659,edith,155872,784802,628930
2660,confidential,9042,784391,775349
2661,resin,8369,784191,775822
2662,mastery,7212,784158,776946
2663,curtains,1919,784142,782223
2664,barnes,68874,784130,715256
2665,martyrs,660565,784094,123529
2666,vitality,6590,784045,777455
2667,intellectuals,13153,783927,770774
2668,interpreter,1259800,783840,475960
2669,recalls,8039,783759,775720
2670,improper,5634,783638,778004
2671,distressed,2228,783432,781204
2672,aerial,13682,783418,769736
2673,misfortunes,1862,783415,781553
2674,striving,4807,783317,778510
2675,turnover,20685,783215,762530
2676,dorset,26976,783047,756071
2677,suspicions,40020,783027,743007
2678,benevolent,4908,782975,778067
2679,spy,20882,782936,762054
2680,hounds,2050,782927,780877
2681,knot,5414,782849,777435
2682,journalists,7099,782798,775699
2683,distilled,4910,782772,777862
2684,herodotus,3539,782751,779212
2685,satisfactorily,6512,782745,776233
2686,thoughtful,1940,782551,780611
2687,sheltered,3422,782228,778806
2688,hollywood,100974,782183,681209
2689,activated,12925,782163,769238
2690,patents,52145,782070,729925
2691,twilight,7242,782037,774795
2692,glen,19151,781837,762686
2693,shots,4324,781783,777459
2694,gerald,132913,781678,648765
2695,ridicule,1544400,781645,762755
2696,informs,3512,781603,778091
2697,pedro,471855,781422,309567
2698,stole,3940,781325,777385
2699,fir,40955,781142,740187
2700,periodical,23405,781011,757606
2701,confer,16804,780957,764153
2702,perceiving,3650,780791,777141
2703,creep,12146,780771,768625
2704,irresistible,678403,780518,102115
2705,reproduce,13065,780358,767293
2706,hereby,20272,779944,759672
2707,dramatically,4726,779942,775216
2708,exempt,490518,779702,289184
2709,focuses,9289,779624,770335
2710,hardness,6116,779498,773382
2711,agitated,1868,779428,777560
2712,dominate,7015,779379,772364
2713,odour,2846,779289,776443
2714,mammals,17597,779262,761665
2715,manifold,7234,779233,771999
2716,saxons,591440,779219,187779
2717,puzzled,1760,779213,777453
2718,designing,9933,778903,768970
2719,1814,1023982,778864,245118
2720,achilles,12862,778824,765962
2721,spacious,1773,778811,777038
2722,pyramid,6482,778691,772209
2723,thinkers,7575,778361,770786
2724,banner,11890,778033,766143
2725,exploited,8529,777997,769468
2726,nd,206312,777854,571542
2727,derivation,462276,777700,315424
2728,tranquillity,2874,777635,774761
2729,lobes,445576,777513,331937
2730,mus,400494,777146,376652
2731,ferry,469607,776713,307106
2732,uterus,856747,776560,80187
2733,moors,6734,776360,769626
2734,incorrect,69437,776276,706839
2735,consolidation,639789,776163,136374
2736,practitioner,8319,775826,767507
2737,superfluous,3957,775684,771727
2738,despatched,1459,775629,774170
2739,apples,9769,775563,765794
2740,markedly,8198,775162,766964
2741,conditioned,11982,775012,763030
2742,intervening,5903,774991,769088
2743,laboured,1077,774989,773912
2744,devise,699050,774886,75836
2745,coordinate,11359,774770,763411
2746,moderately,5925,774766,768841
2747,cough,3021,774694,771673
2748,howe,68421,774603,706182
2749,377,365928,774484,408556
2750,terrestrial,13716,774457,760741
2751,lustre,256522,774419,517897
2752,lisbon,10587,774320,763733
2753,organizing,16201,774232,758031
2754,crust,18670,774187,755517
2755,edwin,68448,774170,705722
2756,oxen,2415,774096,771681
2757,summarized,11914,774033,762119
2758,ammonium,177837,773797,595960
2759,turf,17220,773664,756444
2760,stationed,2734,773411,770677
2761,huts,3417,773371,769954
2762,chronological,13419,773265,759846
2763,marrow,10952,773248,762296
2764,reigns,3573,772955,769382
2765,embracing,5205,772926,767721
2766,grievances,4253,772818,768565
2767,despise,1495,772803,771308
2768,macbeth,82761,772733,689972
2769,burgundy,4790,772484,767694
2770,chronology,17717,772402,754685
2771,villagers,5963,772376,766413
2772,courtyard,3286,772129,768843
2773,mackenzie,87098,771977,684879
2774,accepts,7120,771713,764593
2775,dip,36548,771633,735085
2776,tudor,68201,771462,703261
2777,java,420396,771429,351033
2778,trenches,2731,771071,768340
2779,riot,14679,771025,756346
2780,lengthy,5158,771018,765860
2781,vs.,6567,770985,764418
2782,struggled,1679,770888,769209
2783,administrators,8375,770879,762504
2784,dairy,41827,770752,728925
2785,c.c.,139700,770640,630940
2786,exceptionally,6200,770589,764389
2787,lining,5582,770419,764837
2788,translator,11166,770126,758960
2789,nietzsche,698330,769858,71528
2790,therapist,1867,769574,767707
2791,corridor,204987,769247,564260
2792,intensely,3409,769141,765732
2793,pc,432741,768894,336153
2794,nasal,151048,768825,617777
2795,synod,5703,768780,763077
2796,terra,338335,768608,430273
2797,understands,4198,768552,764354
2798,tar,60150,768540,708390
2799,socialists,5728,768457,762729
2800,mole,441568,768404,326836
2801,lebanon,26371,768377,742006
2802,necessities,4481,768374,763893
2803,toes,2889,768242,765353
2804,judicious,2692,768219,765527
2805,chi,370989,768034,397045
2806,thrice,1563,768022,766459
2807,inclusive,31778,767991,736213
2808,crises,1531216,767762,763454
2809,denounced,4184,767756,763572
2810,medicines,4712,767574,762862
2811,han,394937,767532,372595
2812,atque,392980,767333,374353
2813,blair,87228,767187,679959
2814,materially,4474,767146,762672
2815,observance,222625,767107,544482
2816,crazy,8064,767009,758945
2817,distortion,10679,766764,756085
2818,lin,1556620,766730,789890
2819,geometrical,12514,766702,754188
2820,distrust,3861,766672,762811
2821,saul,96824,766527,669703
2822,brandy,17194,766369,749175
2823,pomp,9471,766241,756770
2824,bearer,5246,766165,760919
2825,organize,9734,766088,756354
2826,battalions,1533,766050,764517
2827,casualties,3586,765699,762113
2828,familiarity,4692,765614,760922
2829,unified,14921,765581,750660
2830,mandate,75791,765552,689761
2831,lear,63581,765491,701910
2832,379,350002,765414,415412
2833,cooled,10507,765395,754888
2834,predominant,192041,765282,573241
2835,xxvi,432238,765250,333012
2836,gossip,3586,765167,761581
2837,capsule,543489,765143,221654
2838,exercising,7471,765039,757568
2839,probe,96340,764873,668533
2840,characterization,25579,764861,739282
2841,abundantly,2984,764664,761680
2842,1812,615195,764545,149350
2843,worldwide,18457,764472,746015
2844,sliding,7624,764291,756667
2845,eleanor,18998,764270,745272
2846,paramount,21338,764265,742927
2847,viceroy,5743,763927,758184
2848,detained,9357,763759,754402
2849,loosely,3803,763670,759867
2850,impacts,155070,763577,608507
2851,renowned,3032,763574,760542
2852,ruskin,85023,763171,678148
2853,syrian,9014,763170,754156
2854,plentiful,2480,763155,760675
2855,scanty,2657,763100,760443
2856,pilgrim,13699,762907,749208
2857,digestion,587201,762848,175647
2858,circulating,8917,762764,753847
2859,dresses,431949,762689,330740
2860,potato,16933,762682,745749
2861,churchyard,1594,762436,760842
2862,strait,9438,762262,752824
2863,renew,13430,762085,748655
2864,imaging,19853,762074,742221
2865,delights,1973,761834,759861
2866,greenwich,115317,761798,646481
2867,catastrophe,1018172,761549,256623
2868,383,373040,761379,388339
2869,iris,444219,761322,317103
2870,ballet,391182,761219,370037
2871,sporting,10960,761202,750242
2872,potter,87814,761160,673346
2873,stockholm,600351,760985,160634
2874,fearing,2265,760829,758564
2875,clifford,52541,760802,708261
2876,jazz,232231,760709,528478
2877,pronunciation,7493,760549,753056
2878,creativity,12797,760510,747713
2879,appropriated,4590,760388,755798
2880,conrad,332533,760336,427803
2881,forgetting,3901,760318,756417
2882,maize,19951,760284,740333
2883,kenneth,94223,760276,666053
2884,sentimental,242178,760074,517896
2885,obsolete,60196,760055,699859
2886,multiplication,1290079,760016,530063
2887,cursed,1711,759887,758176
2888,horseback,1835,759859,758024
2889,restrict,8871,759659,750788
2890,coventry,28452,759630,731178
2891,recruitment,14714,759550,744836
2892,harriet,27584,759520,731936
2893,poll,18283,759479,741196
2894,wavelength,13206,759458,746252
2895,allotted,4182,759305,755123
2896,waking,2913,759119,756206
2897,obscurity,2478,758842,756364
2898,researcher,7481,758530,751049
2899,versa,413735,758469,344734
2900,magnesium,301226,758422,457196
2901,vault,26522,758205,731683
2902,381,343896,758141,414245
2903,carlisle,33168,758119,724951
2904,coral,33244,757895,724651
2905,labouring,3697,757887,754190
2906,395,345046,757858,412812
2907,invaluable,4159,757698,753539
2908,shafts,2516,757681,755165
2909,persist,5617,757561,751944
2910,charters,24106,757338,733232
2911,0.2,197602,757225,559623
2912,penetrating,5573,757146,751573
2913,bust,4985,757097,752112
2914,poisoning,9291,756959,747668
2915,devoid,5982,756681,750699
2916,truck,32563,756636,724073
2917,taiwan,165708,756419,590711
2918,middlesex,28017,756240,728223
2919,styled,1844,756131,754287
2920,baggage,3324,756110,752786
2921,mike,41456,756015,714559
2922,gall,374272,755962,381690
2923,accorded,11379,755843,744464
2924,disciplines,1027474,755832,271642
2925,minus,148791,755645,606854
2926,silicon,38527,755559,717032
2927,journeys,5608,755483,749875
2928,selves,31097,755366,724269
2929,374,347039,755353,408314
2930,gum,28314,755310,726996
2931,woodland,7259,754972,747713
2932,2.4,231461,754917,523456
2933,assistants,557215,754861,197646
2934,internally,4663,754855,750192
2935,ridges,8291,754756,746465
2936,mirth,1854,754730,752876
2937,pie,1675043,754690,920353
2938,implicitly,6516,754661,748145
2939,terrified,830,754659,753829
2940,pence,107034,754578,647544
2941,signified,3636,754576,750940
2942,diamonds,5094,754479,749385
2943,slower,5842,754163,748321
2944,mixtures,27818,754159,726341
2945,372,354495,754038,399543
2946,calmly,809,753936,753127
2947,whitehall,31382,753806,722424
2948,pollen,291321,753591,462270
2949,vigorously,2912,753480,750568
2950,breathed,1151,753426,752275
2951,jointly,11466,753355,741889
2952,lament,4608,753355,748747
2953,capita,77339,753301,675962
2954,embarrassment,2154,753287,751133
2955,platinum,7239,753200,745961
2956,appropriately,4025,753044,749019
2957,wreck,5127,752917,747790
2958,turbulent,116212,752783,636571
2959,feminism,16304,752780,736476
2960,hugo,1375076,752774,622302
2961,405,346504,752630,406126
2962,scarcity,8915,752570,743655
2963,charging,6266,752547,746281
2964,apprehended,3284,752250,748966
2965,allah,259469,752234,492765
2966,voluntarily,4983,752191,747208
2967,401,344844,752120,407276
2968,incorporate,6656,751987,745331
2969,manure,6406,751904,745498
2970,bureaucracy,15835,751815,735980
2971,anticipate,4669,751790,747121
2972,rated,4225,751340,747115
2973,crash,16515,751069,734554
2974,mann,267641,750996,483355
2975,checks,9291,750931,741640
2976,omnibus,549627,750928,201301
2977,bile,440976,750924,309948
2978,swore,884,750912,750028
2979,expended,3198,750882,747684
2980,nominated,5717,750819,745102
2981,refinement,4722,750764,746042
2982,denoted,5364,750635,745271
2983,pioneer,24067,750578,726511
2984,gastric,11093,750392,739299
2985,bd,312221,750380,438159
2986,tracing,9315,750262,740947
2987,bv,46558,750258,703700
2988,manhood,2907,750218,747311
2989,387,353298,750054,396756
2990,regularity,6300,750045,743745
2991,correlated,16845,750036,733191
2992,compelling,4546,749995,745449
2993,cu,273092,749879,476787
2994,376,357647,749732,392085
2995,shields,12693,749623,736930
2996,murmur,3336,749589,746253
2997,noisy,49103,749283,700180
2998,urging,2629,749252,746623
2999,computation,33934,749201,715267
3000,kid,17554,749043,731489
3001,economist,68993,748939,679946
3002,prominence,4577,748548,743971
3003,sediment,196353,748469,552116
3004,prisons,1319643,747727,571916
3005,disguised,3346,747617,744271
3006,charts,12552,747602,735050
3007,peasantry,7999,747482,739483
3008,b.a.,47304,747477,700173
3009,tourists,5798,747284,741486
3010,absorb,5466,747230,741764
3011,authoritative,6620,747136,740516
3012,sow,95476,746983,651507
3013,trips,10609,746949,736340
3014,symposium,291883,746883,455000
3015,devils,4310,746847,742537
3016,384,364124,746826,382702
3017,accelerated,10770,746730,735960
3018,traitor,1973,746677,744704
3019,fractions,729981,746512,16531
3020,marxism,15402,746392,730990
3021,dismissal,6206,746342,740136
3022,guiding,6890,746156,739266
3023,tuberculosis,44401,746149,701748
3024,strokes,3512,745775,742263
3025,foucault,487619,745725,258106
3026,plunder,2497,745473,742976
3027,tame,13521,745286,731765
3028,textual,18251,745263,727012
3029,378,363959,745125,381166
3030,ave,247441,745094,497653
3031,stanza,9807,745050,735243
3032,drill,17867,744962,727095
3033,thieves,2853,744809,741956
3034,congenital,71962,744790,672828
3035,climax,32436,744737,712301
3036,gel,332048,744665,412617
3037,webb,67632,744585,676953
3038,confirms,10215,744579,734364
3039,parsons,94532,744552,650020
3040,waving,1405,744468,743063
3041,documentary,18071,744452,726381
3042,menu,533147,744371,211224
3043,abound,2294,743871,741577
3044,mosque,5067,743231,738164
3045,murderer,2146,743026,740880
3046,desolate,1689,742785,741096
3047,colonists,3921,742761,738840
3048,ter,810832,742720,68112
3049,mound,10618,742656,732038
3050,suggestive,124525,742634,618109
3051,excavation,203328,742633,539305
3052,contributes,9260,742576,733316
3053,guardians,8551,742540,733989
3054,pitched,1117,742539,741422
3055,folks,4823,742493,737670
3056,ionic,11391,742380,730989
3057,observable,144928,742315,597387
3058,drums,5500,742010,736510
3059,cab,70029,741849,671820
3060,ascend,2339,741659,739320
3061,lodgings,1691,741629,739938
3062,chromosome,109205,741478,632273
3063,rite,802200,741467,60733
3064,czech,18303,741393,723090
3065,afghanistan,346086,741383,395297
3066,guise,1289000,741370,547630
3067,caves,444390,741313,296923
3068,sadness,2745,741288,738543
3069,bud,29475,741273,711798
3070,ringing,1948,741249,739301
3071,elapsed,4231,741246,737015
3072,apprehend,3070,741210,738140
3073,presbyterian,6034,741160,735126
3074,cumulative,68541,741089,672548
3075,hypothetical,7965,741006,733041
3076,slate,12189,740921,728732
3077,guild,16733,740683,723950
3078,judah,9361,740664,731303
3079,akin,7215,740542,733327
3080,advisers,7289,740397,733108
3081,ounces,2263,740382,738119
3082,beethoven,324606,740328,415722
3083,buddhism,10279,740327,730048
3084,mag,154002,740254,586252
3085,reid,137984,740089,602105
3086,vatican,775956,740088,35868
3087,liquids,9883,739763,729880
3088,banquet,573121,739629,166508
3089,fable,729987,739479,9492
3090,counterpart,7301,739453,732152
3091,meyer,550400,739423,189023
3092,pier,65723,739377,673654
3093,mp,116385,739315,622930
3094,rubbed,1179,739245,738066
3095,reich,872007,739176,132831
3096,cottages,24803,739163,714360
3097,armstrong,88527,738869,650342
3098,1793,1458468,738745,719723
3099,purification,361617,738715,377098
3100,polity,22152,738665,716513
3101,deduction,984660,738647,246013
3102,barn,8083,738567,730484
3103,exeunt,2474,738292,735818
3104,fines,1050443,738203,312240
3105,patriarch,4120,738127,734007
3106,identifies,287080,738091,451011
3107,tertiary,17997,737975,719978
3108,cultivate,4093,737975,733882
3109,drained,4246,737835,733589
3110,depreciation,425252,737797,312545
3111,murmured,397,737623,737226
3112,radically,7481,737615,730134
3113,calyx,11523,737605,726082
3114,adherents,982612,737575,245037
3115,eugene,1480206,737435,742771
3116,hampshire,60301,737287,676986
3117,2008,478375,737229,258854
3118,disclosure,7642,737185,729543
3119,license,16899,737131,720232
3120,robbed,1801,737072,735271
3121,sb,86051,737011,650960
3122,separates,4942,736928,731986
3123,rachel,177341,736925,559584
3124,alternately,2432,736801,734369
3125,crept,1121,736783,735662
3126,horrors,2696,736711,734015
3127,spenser,18855,736700,717845
3128,obstinate,1897,736527,734630
3129,cherished,2159,735785,733626
3130,landscapes,12535,735686,723151
3131,chocolate,8441,735623,727182
3132,coincide,647677,735589,87912
3133,overwhelmed,1788,735276,733488
3134,priesthood,2890,735269,732379
3135,chris,80801,735041,654240
3136,fancied,777,734986,734209
3137,orator,15018,734984,719966
3138,goose,7100,734600,727500
3139,transitions,267000,734518,467518
3140,beatrice,230471,734411,503940
3141,preston,42592,734378,691786
3142,pistol,2397,734090,731693
3143,yonder,1069,734089,733020
3144,volunteer,6177,734056,727879
3145,banker,13108,734020,720912
3146,ein,1260555,733996,526559
3147,webster,70611,733955,663344
3148,devonshire,39769,733906,694137
3149,3000,331052,733856,402804
3150,spirited,1639,733769,732130
3151,mol,290836,733751,442915
3152,silica,14717,733703,718986
3153,nov,104985,733570,628585
3154,woven,4253,733494,729241
3155,spur,11069,733449,722380
3156,musician,3882,733311,729429
3157,sierra,453499,733241,279742
3158,schooling,13486,733151,719665
3159,gibson,61352,733071,671719
3160,tlie,51309,732753,681444
3161,economical,17681,732740,715059
3162,morphology,38852,732552,693700
3163,probabilities,9184,732497,723313
3164,harmonic,8054,732438,724384
3165,searched,3125,732271,729146
3166,tt,354445,732170,377725
3167,circulated,4603,732078,727475
3168,repent,38240,731603,693363
3169,conveyance,4828,731514,726686
3170,didst,919,731317,730398
3171,copenhagen,25315,731311,705996
3172,palestinian,12359,731301,718942
3173,wilhelm,286697,731261,444564
3174,physiol,230966,731163,500197
3175,resembled,2288,731071,728783
3176,shattered,2799,730900,728101
3177,yugoslavia,24320,730708,706388
3178,haunted,3426,730665,727239
3179,birch,29131,730443,701312
3180,allocated,6816,730428,723612
3181,honestly,2152,730326,728174
3182,hector,297329,730298,432969
3183,stealing,2937,730126,727189
3184,offset,62285,729818,667533
3185,duct,7882,729647,721765
3186,illinois,190828,729621,538793
3187,porcelain,5466,729566,724100
3188,paralysis,9631,729539,719908
3189,expulsion,855376,729373,126003
3190,browning,48404,729173,680769
3191,imminent,218411,729162,510751
3192,quitted,567,729076,728509
3193,philippines,417184,729039,311855
3194,petitions,439391,728997,289606
3195,hardened,3201,728884,725683
3196,ph.d.,34164,728704,694540
3197,levied,9311,728068,718757
3198,rehabilitation,527743,727972,200229
3199,1824,576766,727778,151012
3200,poultry,17386,727683,710297
3201,"50,000",222409,727625,505216
3202,encounters,9419,727380,717961
3203,jest,24624,727312,702688
3204,restoring,5808,727285,721477
3205,besieged,1642,727230,725588
3206,ensued,1568,727222,725654
3207,knox,53612,727146,673534
3208,ghosts,6154,727117,720963
3209,creditor,18026,727051,709025
3210,hey,19459,726929,707470
3211,adviser,37798,726919,689121
3212,pathetic,2078,726799,724721
3213,strengths,5420,726753,721333
3214,enim,494128,726704,232576
3215,deprive,4727,726407,721680
3216,album,434233,726235,292002
3217,motto,10604,726146,715542
3218,survivors,7285,726124,718839
3219,gloves,2082,726047,723965
3220,infectious,15026,725997,710971
3221,montgomery,77739,725992,648253
3222,lb,172651,725992,553341
3223,inventions,687120,725939,38819
3224,grazing,12029,725345,713316
3225,innate,5539,725266,719727
3226,christendom,4565,725229,720664
3227,tickets,69450,725075,655625
3228,scholarly,11970,724992,713022
3229,ambitions,829407,724916,104491
3230,lucas,361031,724885,363854
3231,rot,128365,724848,596483
3232,22nd,7949,724636,716687
3233,spectacular,6667,724587,717920
3234,democrats,6256,724571,718315
3235,sovereigns,3945,724568,720623
3236,2-3,190821,724503,533682
3237,interim,347730,724270,376540
3238,beforehand,3494,724190,720696
3239,implements,10503,724173,713670
3240,invalid,6535,724147,717612
3241,liberated,6423,723989,717566
3242,sen,348399,723709,375310
3243,bounty,9714,723633,713919
3244,oct,149421,723544,574123
3245,382,340965,723461,382496
3246,humane,8521,723419,714898
3247,389,332960,723324,390364
3248,whigs,96729,723302,626573
3249,bl,165866,723233,557367
3250,lone,23547,723036,699489
3251,ro,329740,722942,393202
3252,whale,11291,722816,711525
3253,delivering,4339,722734,718395
3254,singers,4482,722697,718215
3255,devout,1611,722689,721078
3256,designation,1457425,722600,734825
3257,natures,584157,722596,138439
3258,gut,98784,722478,623694
3259,pm,137027,722227,585200
3260,gent,259667,722215,462548
3261,vomiting,2082,722196,720114
3262,paragraphs,17154,722173,705019
3263,nick,34271,722009,687738
3264,rider,33968,721901,687933
3265,lab,103433,721807,618374
3266,sophia,84586,721737,637151
3267,terribly,1613,721712,720099
3268,cognition,108666,721682,613016
3269,clue,10315,721642,711327
3270,386,340347,721565,381218
3271,pint,3957,721516,717559
3272,insistence,5097,721502,716405
3273,allowances,9011,721280,712269
3274,pearson,87777,721223,633446
3275,ber,157022,721192,564170
3276,4s,40071,721104,681033
3277,algebra,16144,720985,704841
3278,recipient,439700,720913,281213
3279,anglican,83871,720904,637033
3280,bearings,4848,720863,716015
3281,contemplate,3700,720806,717106
3282,mozart,359465,720680,361215
3283,deserving,2354,720526,718172
3284,403,328111,720077,391966
3285,stare,32350,720036,687686
3286,yeast,14761,719882,705121
3287,rivalry,6513,719857,713344
3288,corrections,550356,719695,169339
3289,logically,6503,719670,713167
3290,truce,2314,719500,717186
3291,louise,1132547,719439,413108
3292,singularly,1640,719047,717407
3293,tempered,3074,719014,715940
3294,hanover,20503,719011,698508
3295,administer,5428,718819,713391
3296,displeasure,1297,718655,717358
3297,brooks,56907,718623,661716
3298,judgements,5798,718496,712698
3299,393,318904,718490,399586
3300,thorn,74572,718326,643754
3301,puritan,5246,718283,713037
3302,pathological,17043,718275,701232
3303,barbarians,3200,718186,714986
3304,franchise,1230553,718041,512512
3305,shakspeare,134032,717966,583934
3306,eg,82917,717915,634998
3307,amounting,5409,717909,712500
3308,contractor,7092,717797,710705
3309,suburbs,9754,717664,707910
3310,regis,662488,717583,55095
3311,legion,1437548,717503,720045
3312,compensate,6320,717465,711145
3313,lobe,525468,717437,191969
3314,commitments,7979,717433,709454
3315,pasha,18549,717382,698833
3316,spouse,6433,717347,710914
3317,alliances,849538,717277,132261
3318,1828,643781,717115,73334
3319,nero,34358,717023,682665
3320,barber,32336,717002,684666
3321,5.2,159651,716897,557246
3322,headache,4444,716846,712402
3323,digest,62559,716837,654278
3324,imposition,1020151,716741,303410
3325,clara,214629,716692,502063
3326,watts,129240,716670,587430
3327,combines,400357,716507,316150
3328,diminishing,5783,716498,710715
3329,recollections,9506,716419,706913
3330,alienation,1083937,716378,367559
3331,thankful,1615,716196,714581
3332,anniversary,13777,716196,702419
3333,intersection,501421,716100,214679
3334,humiliation,442078,715997,273919
3335,wretch,1005,715936,714931
3336,venous,9806,715927,706121
3337,4.5,155163,715639,560476
3338,telegram,11106,715637,704531
3339,curvature,7617,715554,707937
3340,dreaded,1158,715532,714374
3341,unfit,2912,715508,712596
3342,kinship,31274,715468,684194
3343,begging,2045,715419,713374
3344,waved,859,715237,714378
3345,affliction,193146,715019,521873
3346,herein,13473,714981,701508
3347,damn,3557,714940,711383
3348,royalty,6460,714841,708381
3349,groves,10365,714770,704405
3350,strained,2906,714698,711792
3351,sings,3350,714486,711136
3352,deformation,846411,714431,131980
3353,wiser,3760,714428,710668
3354,merciful,1002,714411,713409
3355,evaluating,15331,714323,698992
3356,persistence,15005,714083,699078
3357,augmented,4678,714071,709393
3358,beggar,4531,714028,709497
3359,hangs,2038,713615,711577
3360,388,345872,713340,367468
3361,assessments,8168,713298,705130
3362,excitation,1374110,713095,661015
3363,embarrassed,1435,712572,711137
3364,viewpoint,13590,712313,698723
3365,gerard,1592994,712279,880715
3366,lapse,6151,712272,706121
3367,dismiss,6246,712227,705981
3368,moonlight,2539,712216,709677
3369,bows,2028,712210,710182
3370,swollen,4228,712138,707910
3371,val,955248,712081,243167
3372,forcibly,2494,712037,709543
3373,reversal,7925,711897,703972
3374,woollen,2910,711743,708833
3375,handkerchief,989,711654,710665
3376,wonderfully,1314,711571,710257
3377,instruct,12103,711518,699415
3378,sterile,795878,711411,84467
3379,frenchman,5242,711392,706150
3380,tennis,164246,711331,547085
3381,alpine,168965,711262,542297
3382,landlords,18793,711248,692455
3383,genuinely,3255,710952,707697
3384,inverted,5868,710851,704983
3385,piles,535682,710799,175117
3386,dependency,13306,710579,697273
3387,expeditions,1065140,710300,354840
3388,impartial,312554,710287,397733
3389,fishermen,7649,710270,702621
3390,distal,83967,710261,626294
3391,exhaust,6088,710085,703997
3392,senator,20887,710036,689149
3393,1829,630211,709955,79744
3394,bullet,39668,709878,670210
3395,grapes,11188,709833,698645
3396,23rd,7598,709827,702229
3397,youths,3859,709753,705894
3398,delays,8400,709515,701115
3399,onward,3653,709292,705639
3400,430,377598,709261,331663
3401,wrist,4103,709250,705147
3402,janet,222566,709090,486524
3403,peat,16119,709005,692886
3404,appealing,3894,708806,704912
3405,transcription,709345,708779,566
3406,syntax,38259,708728,670469
3407,danced,1823,708480,706657
3408,secrecy,5956,708437,702481
3409,horrid,1565,708358,706793
3410,liabilities,8661,708176,699515
3411,titus,164397,708086,543689
3412,echoed,2111,707937,705826
3413,xxvii,357284,707898,350614
3414,mentioning,5330,707714,702384
3415,villain,50985,707406,656421
3416,superintendent,11701,707376,695675
3417,pact,24127,707240,683113
3418,thanked,1964,707175,705211
3419,eton,47792,707047,659255
3420,gill,57344,706916,649572
3421,negotiated,5722,706802,701080
3422,middleton,40114,706788,666674
3423,digging,4064,706609,702545
3424,attentive,655648,706575,50927
3425,unlawful,7568,706495,698927
3426,clearance,19378,706471,687093
3427,thyroid,12823,706286,693463
3428,hypertension,190589,706253,515664
3429,warmly,1762,706118,704356
3430,adversary,2761,706048,703287
3431,unexpectedly,2259,705940,703681
3432,estimating,17906,705795,687889
3433,exemplified,5474,705544,700070
3434,johnston,85964,705416,619452
3435,speedy,5289,705324,700035
3436,consuming,5738,705253,699515
3437,drake,58042,705172,647130
3438,patrons,1302608,704989,597619
3439,dreamed,2114,704819,702705
3440,quoting,4073,704773,700700
3441,sonnet,246084,704746,458662
3442,marrying,2856,704657,701801
3443,regretted,2370,704567,702197
3444,397,333233,704557,371324
3445,hunters,9115,704340,695225
3446,"30,000",213184,704321,491137
3447,nj,65465,704300,638835
3448,frontal,272412,704151,431739
3449,inequalities,10038,704005,693967
3450,container,32265,703970,671705
3451,brute,836079,703952,132127
3452,tidings,791,703852,703061
3453,alphabet,415222,703790,288568
3454,palms,5462,703782,698320
3455,shewed,1259,703683,702424
3456,bradford,42084,703390,661306
3457,submarine,15790,702581,686791
3458,trent,43694,702580,658886
3459,symmetrical,7249,702569,695320
3460,racism,11741,702538,690797
3461,naming,10112,702363,692251
3462,builders,11243,702118,690875
3463,weed,13060,702111,689051
3464,pools,24782,702071,677289
3465,downs,18118,701830,683712
3466,forster,127622,701803,574181
3467,mystic,6759,701647,694888
3468,391,315067,701568,386501
3469,camel,12473,701382,688909
3470,399,323291,701357,378066
3471,dreary,1222,701163,699941
3472,dwarf,6589,701018,694429
3473,speeds,6798,700907,694109
3474,sometime,3739,700864,697125
3475,irrational,6196,700858,694662
3476,halifax,120624,700814,580190
3477,als,1518279,700724,817555
3478,dreaming,5844,700724,694880
3479,calvin,558618,700431,141813
3480,frankfurt,152100,700378,548278
3481,parlour,1543,700185,698642
3482,calamity,2999,700153,697154
3483,annie,229749,700085,470336
3484,surgeons,16822,700015,683193
3485,superstitious,1394,699902,698508
3486,epidemic,10024,699893,689869
3487,abandonment,6305,699818,693513
3488,grasped,2923,699755,696832
3489,jenny,114731,699614,584883
3490,avoidance,8890,699609,690719
3491,profiles,87373,699548,612175
3492,rugged,2203,699505,697302
3493,404,320245,699505,379260
3494,jose,825412,699349,126063
3495,responding,5786,699244,693458
3496,sofa,41482,699221,657739
3497,sinful,1396,699079,697683
3498,11th,6215,698875,692660
3499,insists,5596,698870,693274
3500,herod,9636,698856,689220
3501,prologue,296566,698802,402236
3502,speculations,636298,698802,62504
3503,defenders,3151,698671,695520
3504,cologne,752207,698555,53652
3505,carbonic,2769,698344,695575
3506,harmful,7873,698338,690465
3507,disagreement,6936,698111,691175
3508,hutchinson,74552,698064,623512
3509,careers,9135,698044,688909
3510,bologna,104288,697974,593686
3511,costa,479609,697925,218316
3512,constitutions,896120,697760,198360
3513,acetic,4392,697679,693287
3514,unaware,3763,697522,693759
3515,balfour,89913,697459,607546
3516,erasmus,38363,697347,658984
3517,1821,593245,697340,104095
3518,ae,468299,697287,228988
3519,weaving,5763,697284,691521
3520,alternating,7542,697018,689476
3521,hydraulic,22731,696980,674249
3522,oracle,291898,696676,404778
3523,aboard,2997,696590,693593
3524,nova,275975,696586,420611
3525,nam,603451,696567,93116
3526,superseded,2809,696542,693733
3527,disappears,5656,696517,690861
3528,attractions,154188,696314,542126
3529,conclusive,22372,696206,673834
3530,technically,5326,696194,690868
3531,walton,33834,696178,662344
3532,anecdotes,428944,696133,267189
3533,organisational,7942,695981,688039
3534,innovative,12814,695797,682983
3535,botany,32529,695789,663260
3536,lett,99280,695626,596346
3537,narrowly,3074,695585,692511
3538,cherry,21790,695520,673730
3539,variants,28742,695390,666648
3540,boot,16609,695370,678761
3541,cervical,139328,695062,555734
3542,dealer,14795,694989,680194
3543,contrasting,7704,694935,687231
3544,fibrous,5567,694621,689054
3545,reinforce,5725,694514,688789
3546,plotted,11560,694011,682451
3547,negligible,11375,693894,682519
3548,morn,2770,693884,691114
3549,harp,5860,693800,687940
3550,caps,72618,693769,621151
3551,1827,606440,693628,87188
3552,liking,6865,693604,686739
3553,vibrations,752938,693551,59387
3554,dotted,5949,693496,687547
3555,wards,7837,693486,685649
3556,407,342034,693324,351290
3557,needles,4549,693189,688640
3558,bored,2665,693093,690428
3559,variously,3060,693034,689974
3560,bolt,4040,693008,688968
3561,provoke,4183,692742,688559
3562,kit,50095,692635,642540
3563,emissions,1060509,692595,367914
3564,desperately,1666,692530,690864
3565,alia,213365,692495,479130
3566,415,324792,692479,367687
3567,hardware,19080,692446,673366
3568,barrow,40235,692354,652119
3569,barker,43931,692279,648348
3570,heel,14707,692207,677500
3571,saudi,13645,692028,678383
3572,resorted,3617,692023,688406
3573,hierarchical,10780,691966,681186
3574,blues,70145,691743,621598
3575,elephants,259654,691732,432078
3576,hideous,1740,691592,689852
3577,aversion,439575,691581,252006
3578,friar,2667,691554,688887
3579,antwerp,13137,691532,678395
3580,laboratories,32760,691494,658734
3581,valiant,3791,691492,687701
3582,awaiting,3349,691395,688046
3583,disregard,5103,691348,686245
3584,flee,3532,691220,687688
3585,esp,162624,690824,528200
3586,vows,2223,690766,688543
3587,oecd,47265,690745,643480
3588,champagne,1099503,690730,408773
3589,protests,4387,690648,686261
3590,ns,382540,690532,307992
3591,1826,589747,690498,100751
3592,ordinances,7058,690430,683372
3593,6.1,134954,690378,555424
3594,criticized,5845,690376,684531
3595,frustration,194132,690206,496074
3596,chord,2915,690023,687108
3597,railroad,34923,689940,655017
3598,learners,4791,689847,685056
3599,440,385084,689793,304709
3600,1819,623179,689415,66236
3601,openings,6065,689328,683263
3602,brooke,30708,689123,658415
3603,ballads,5431,689123,683692
3604,dom,1097317,689105,408212
3605,rumours,1877,688270,686393
3606,serial,13656,688235,674579
3607,4.3,180007,688235,508228
3608,employs,9165,688214,679049
3609,deterioration,419335,687938,268603
3610,blades,8068,687866,679798
3611,collapsed,3753,687846,684093
3612,absurdity,2634,687702,685068
3613,sparta,6151,687645,681494
3614,spontaneously,5704,687644,681940
3615,progressively,11571,687511,675940
3616,startling,2237,687463,685226
3617,acknowledgment,3473,687444,683971
3618,sr,573396,687413,114017
3619,rejecting,4608,687343,682735
3620,glittering,1419,687333,685914
3621,alpha,218743,687317,468574
3622,raphael,666442,687291,20849
3623,piers,19916,686949,667033
3624,nests,3068,686931,683863
3625,xxviii,329126,686928,357802
3626,inertia,8063,686913,678850
3627,thailand,26208,686840,660632
3628,richards,67614,686758,619144
3629,fowl,6933,686612,679679
3630,afterward,1489,686550,685061
3631,fry,37182,686468,649286
3632,natal,560232,686417,126185
3633,singh,61210,686184,624974
3634,conquests,5426,686167,680741
3635,exhibiting,5316,686142,680826
3636,7s,22666,686086,663420
3637,1.4,245318,685804,440486
3638,warsaw,14702,685683,670981
3639,1818,632500,685530,53030
3640,1822,617254,685431,68177
3641,surround,3730,685418,681688
3642,externally,3249,685368,682119
3643,prima,403510,685354,281844
3644,tennyson,25439,685171,659732
3645,grecian,1775,685097,683322
3646,bathing,2983,685073,682090
3647,wight,36106,684861,648755
3648,crow,18158,684754,666596
3649,noblest,1557,684737,683180
3650,dash,13513,684457,670944
3651,bureaucratic,7117,684443,677326
3652,syllables,7423,684272,676849
3653,authenticity,7099,684006,676907
3654,eccentric,3545,683826,680281
3655,1600,313032,683573,370541
3656,fays,12818,683531,670713
3657,recognizing,7447,683475,676028
3658,394,300409,683294,382885
3659,diagonal,25131,683263,658132
3660,jaws,4517,683252,678735
3661,md,103128,683000,579872
3662,lieut,40932,682966,642034
3663,02,519875,682857,162982
3664,jolly,63067,682677,619610
3665,abrupt,79134,682609,603475
3666,wholesome,1843,682536,680693
3667,damascus,5520,682520,677000
3668,aromatic,6221,682512,676291
3669,ropes,3368,682479,679111
3670,swung,941,682407,681466
3671,tore,86234,682380,596146
3672,stead,13565,682348,668783
3673,bombs,3418,682346,678928
3674,bohemia,9154,682203,673049
3675,neurons,9322,682059,672737
3676,isa,63954,682006,618052
3677,1801,523347,681977,158630
3678,tiles,16607,681744,665137
3679,defendants,12523,681674,669151
3680,hannah,89043,681373,592330
3681,deception,508477,681330,172853
3682,capillary,10050,681245,671195
3683,grouping,10582,681211,670629
3684,knots,3247,681170,677923
3685,methodological,24246,680922,656676
3686,exemption,578461,680908,102447
3687,flights,5429,680680,675251
3688,rationale,19883,680680,660797
3689,blockade,10088,680677,670589
3690,proliferation,466500,680628,214128
3691,symbolism,14790,680619,665829
3692,scepticism,5989,680577,674588
3693,bidding,3089,680498,677409
3694,copious,1955,680156,678201
3695,layout,9410,680142,670732
3696,pretext,5900,679947,674047
3697,helmet,2679,679691,677012
3698,accomplishment,4972,679591,674619
3699,chancel,34790,679590,644800
3700,hazardous,4975,679510,674535
3701,masonry,5306,679413,674107
3702,workshops,11631,679155,667524
3703,assay,12965,679059,666094
3704,server,85587,678795,593208
3705,spleen,58351,678671,620320
3706,creeping,3661,678531,674870
3707,asserting,3954,678439,674485
3708,deities,3518,678278,674760
3709,originality,8538,678247,669709
3710,fide,128607,678132,549525
3711,floods,6857,678026,671169
3712,gram,166778,677926,511148
3713,narrower,4380,677837,673457
3714,prevails,5248,677678,672430
3715,incumbent,4725,677661,672936
3716,mall,13890,677601,663711
3717,rubbish,2418,677518,675100
3718,comforts,2272,677441,675169
3719,feeds,5511,677192,671681
3720,optic,10215,677127,666912
3721,canning,103681,677121,573440
3722,fringe,8269,677105,668836
3723,assemble,315446,677072,361626
3724,retrieval,26003,677032,651029
3725,gardener,5761,676959,671198
3726,illustrating,7050,676910,669860
3727,forbes,79653,676889,597236
3728,cousins,363160,676884,313724
3729,lore,42876,676803,633927
3730,especial,59167,676772,617605
3731,idolatry,1581,676628,675047
3732,stricken,2331,676595,674264
3733,indulged,1121,676507,675386
3734,profess,18488,676464,657976
3735,prizes,4295,676320,672025
3736,stirling,37367,676291,638924
3737,appraisal,20967,676154,655187
3738,sutton,41147,676141,634994
3739,supplemented,8140,676014,667874
3740,tyme,3851,676012,672161
3741,earls,2956,675879,672923
3742,columbus,29632,675861,646229
3743,contended,5544,675854,670310
3744,xxx,429832,675847,246015
3745,holt,63013,675799,612786
3746,efficiently,5905,675732,669827
3747,portsmouth,73174,675717,602543
3748,cylinders,5717,675507,669790
3749,sects,4556,675468,670912
3750,402,317381,675468,358087
3751,kneeling,1355,675345,673990
3752,occurrences,246444,675319,428875
3753,coinage,11790,675308,663518
3754,frustrated,2969,675272,672303
3755,pricing,19282,675177,655895
3756,jove,22088,675077,652989
3757,bulgaria,30152,675021,644869
3758,bids,3690,674984,671294
3759,ventral,129239,674904,545665
3760,analyst,11256,674873,663617
3761,policeman,14483,674869,660386
3762,wrongs,3001,674663,671662
3763,brutus,220830,674596,453766
3764,tangent,148189,674331,526142
3765,grinding,6009,674200,668191
3766,chooses,4446,674138,669692
3767,adherence,383510,674098,290588
3768,adolescent,531121,674035,142914
3769,392,307592,673832,366240
3770,muttered,348,673765,673417
3771,magnificence,471734,673640,201906
3772,ana,191857,673447,481590
3773,ronald,125989,673424,547435
3774,worthless,1963,673380,671417
3775,dealers,16915,673350,656435
3776,timothy,26928,673303,646375
3777,generator,11334,673219,661885
3778,irrespective,9003,673176,664173
3779,manganese,555517,673175,117658
3780,winston,105942,673060,567118
3781,amazed,1286,672981,671695
3782,denies,20241,672923,652682
3783,condensed,8295,672685,664390
3784,interact,5802,672684,666882
3785,ich,587762,672673,84911
3786,crusade,7785,672484,664699
3787,toy,64599,672393,607794
3788,intervene,8145,672055,663910
3789,sd,91206,672031,580825
3790,warden,18443,671955,653512
3791,axial,85248,671788,586540
3792,repeal,5545,671756,666211
3793,425,368029,671677,303648
3794,portal,44618,671439,626821
3795,chronicles,8520,671243,662723
3796,ornamented,1635,671182,669547
3797,rosa,324190,671133,346943
3798,fork,7077,671118,664041
3799,viscosity,11274,670892,659618
3800,malaysia,33756,670750,636994
3801,utilized,9598,670709,661111
3802,genoa,5580,670655,665075
3803,coating,9530,670654,661124
3804,infinity,6317,670548,664231
3805,lorenzo,182895,670544,487649
3806,resisting,4058,670404,666346
3807,uganda,79622,670351,590729
3808,bradley,80050,670279,590229
3809,intricate,4347,670147,665800
3810,completing,4726,670070,665344
3811,drought,10441,669954,659513
3812,degraded,4018,669695,665677
3813,projections,572121,669461,97340
3814,bene,267964,669366,401402
3815,butcher,8515,669207,660692
3816,408,327696,669120,341424
3817,twins,7947,669070,661123
3818,administrator,14122,668939,654817
3819,beats,13519,668790,655271
3820,meridian,10112,668759,658647
3821,escaping,2913,668601,665688
3822,laborious,2253,668599,666346
3823,pillow,7002,668340,661338
3824,sentenced,5076,668329,663253
3825,1816,731816,668320,63496
3826,collectively,4785,668242,663457
3827,dial,40726,668232,627506
3828,buck,46359,668167,621808
3829,cleavage,9572,668126,658554
3830,corporal,12079,668077,655998
3831,suffrage,1308735,668023,640712
3832,1810,913927,667973,245954
3833,merchandise,10896,667748,656852
3834,1792,1236020,667683,568337
3835,fungi,20487,667674,647187
3836,childish,1629,667567,665938
3837,proclaim,2958,667474,664516
3838,ita,414297,667446,253149
3839,crane,1252350,667417,584933
3840,corrupted,1989,667329,665340
3841,396,307019,667234,360215
3842,labels,33960,667171,633211
3843,adhere,561605,667134,105529
3844,mucous,4547,667127,662580
3845,terminate,8309,667114,658805
3846,prodigious,1807,666943,665136
3847,alcoholic,9868,666897,657029
3848,harmonious,4970,666785,661815
3849,perpetually,1937,666785,664848
3850,subsidy,7350,666691,659341
3851,alarming,2361,666406,664045
3852,409,312415,666288,353873
3853,humphrey,45789,666222,620433
3854,anarchy,7437,666142,658705
3855,frontispiece,1088,666065,664977
3856,rails,650646,666026,15380
3857,ei,687915,666004,21911
3858,johnny,49464,665934,616470
3859,foam,4755,665921,661166
3860,demographic,30163,665904,635741
3861,blindness,7697,665845,658148
3862,inorganic,13015,665824,652809
3863,thereon,8022,665682,657660
3864,sundry,2778,665662,662884
3865,thermometer,4070,665644,661574
3866,oppressive,73361,665624,592263
3867,betty,52613,665499,612886
3868,tackle,4092,665312,661220
3869,tolerable,95415,665164,569749
3870,cakes,5067,665128,660061
3871,flags,6426,665109,658683
3872,craig,64891,665061,600170
3873,eligible,78972,665046,586074
3874,questionnaire,608240,664908,56668
3875,guessed,1013,664794,663781
3876,violated,6488,664644,658156
3877,pierce,34579,664472,629893
3878,cyclic,10549,664412,653863
3879,dennis,46034,664386,618352
3880,480,413537,664185,250648
3881,adjustments,9187,664084,654897
3882,398,311087,663792,352705
3883,conceivable,4434,663659,659225
3884,consume,221199,663650,442451
3885,dudley,54106,663572,609466
3886,heal,7988,663376,655388
3887,tablets,4559,663328,658769
3888,stormy,2435,663293,660858
3889,prescription,1479059,663284,815775
3890,viable,214991,663211,448220
3891,specificity,14907,663199,648292
3892,adaptive,11554,663183,651629
3893,await,4035,663176,659141
3894,messengers,2755,662983,660228
3895,3.4,187967,662870,474903
3896,hawk,13452,662810,649358
3897,406,315823,662794,346971
3898,stevens,138695,662644,523949
3899,specifications,154503,662432,507929
3900,null,30099,662298,632199
3901,spreads,6214,662251,656037
3902,contested,8892,662250,653358
3903,theater,46115,662163,616048
3904,autem,566581,662076,95495
3905,arranging,3092,662035,658943
3906,cameron,80228,661893,581665
3907,halted,1293,661841,660548
3908,rescued,1723,661834,660111
3909,1813,559318,661618,102300
3910,helena,54264,661540,607276
3911,ga,218477,661347,442870
3912,riots,7495,661340,653845
3913,factions,455219,661278,206059
3914,nets,625725,661250,35525
3915,apud,357388,661137,303749
3916,fans,1569855,661117,908738
3917,1823,524474,661093,136619
3918,friars,4338,660997,656659
3919,danes,10006,660994,650988
3920,timid,1727,660919,659192
3921,toleration,5351,660846,655495
3922,mem,545438,660757,115319
3923,mutiny,4162,660749,656587
3924,dividend,6881,660613,653732
3925,restaurants,287252,660611,373359
3926,invoked,7473,660583,653110
3927,desiring,4875,660537,655662
3928,seizure,11131,660454,649323
3929,herds,7041,660393,653352
3930,pragmatic,13648,660392,646744
3931,compares,425754,660371,234617
3932,owne,2571,660321,657750
3933,pulp,21899,660205,638306
3934,kingston,66588,660080,593492
3935,danube,854605,659727,194878
3936,lambert,866134,659724,206410
3937,coherence,1020973,659666,361307
3938,discomfort,2826,659571,656745
3939,redress,5401,659515,654114
3940,cosmic,13157,659439,646282
3941,hazards,16709,659360,642651
3942,slab,8616,659318,650702
3943,herr,155468,659222,503754
3944,participating,10625,658927,648302
3945,incarnation,613326,658921,45595
3946,undue,4125,658916,654791
3947,davidson,88640,658886,570246
3948,hobbes,325568,658852,333284
3949,committing,3759,658773,655014
3950,lump,6201,658515,652314
3951,radiant,19680,658510,638830
3952,pathways,9729,658341,648612
3953,recovering,3584,658231,654647
3954,31st,9260,658188,648928
3955,emphasised,4551,658079,653528
3956,livestock,18651,657987,639336
3957,ark,12930,657931,645001
3958,locate,6974,657929,650955
3959,applicant,61833,657921,596088
3960,gm,67955,657279,589324
3961,leigh,27240,657228,629988
3962,mohammed,502078,657222,155144
3963,accountability,12210,657040,644830
3964,toll,30032,656920,626888
3965,brake,7555,656909,649354
3966,unmarried,4289,656787,652498
3967,constance,1293448,656753,636695
3968,intending,2805,656679,653874
3969,savages,3504,656666,653162
3970,wartime,6793,656600,649807
3971,punishments,3688,656597,652909
3972,herb,28426,656570,628144
3973,diversion,320510,656366,335856
3974,scandinavian,24491,656327,631836
3975,sandwich,129055,655961,526906
3976,buds,6980,655705,648725
3977,portrayed,4267,655654,651387
3978,dividends,6205,655648,649443
3979,edged,2907,655383,652476
3980,pamphlets,226494,655376,428882
3981,endurance,142597,655329,512732
3982,catholicism,8501,655312,646811
3983,indignant,2493,655136,652643
3984,website,6596,655113,648517
3985,beck,189985,654882,464897
3986,elector,4563,654782,650219
3987,nt,400726,654606,253880
3988,coated,8070,654580,646510
3989,sights,2008,654546,652538
3990,believer,2260,654540,652280
3991,quarto,115285,654389,539104
3992,exotic,8240,654321,646081
3993,colon,661089,654280,6809
3994,printers,8239,654102,645863
3995,beta,104432,654080,549648
3996,cheshire,17624,653959,636335
3997,noteworthy,6829,653602,646773
3998,tithes,1825,653384,651559
3999,folding,7252,653323,646071
4000,expired,2942,653216,650274
4001,industrious,2126,652840,650714
4002,nuns,4126,652707,648581
4003,utilization,28559,652694,624135
4004,britons,2794,652558,649764
4005,succeeds,3750,652515,648765
4006,arsenic,470435,652425,181990
4007,trapped,6676,652380,645704
4008,investigating,11580,652144,640564
4009,subjection,13737,652040,638303
4010,unconsciously,2427,652009,649582
4011,oo,501614,651998,150384
4012,buyers,5852,651961,646109
4013,kensington,37126,651960,614834
4014,extinguished,2306,651924,649618
4015,watches,2678,651835,649157
4016,splitting,9729,651834,642105
4017,exhaustion,14898,651691,636793
4018,indictment,7025,651236,644211
4019,motors,61099,651224,590125
4020,yeats,21534,651216,629682
4021,discarded,4196,651089,646893
4022,sheridan,48741,651055,602314
4023,traversed,1981,651042,649061
4024,experiencing,5121,650877,645756
4025,temperance,187888,650856,462968
4026,judith,212698,650550,437852
4027,counsels,1978,650535,648557
4028,philosophic,5409,650405,644996
4029,keats,31765,650343,618578
4030,israelites,481089,650033,168944
4031,firmness,1720,649922,648202
4032,quarrels,2365,649896,647531
4033,blush,2276,649847,647571
4034,altering,4356,649800,645444
4035,contributors,6356,649793,643437
4036,inquisition,528595,649715,121120
4037,graduated,3668,649602,645934
4038,sympathies,666345,649503,16842
4039,canonical,8592,649464,640872
4040,parliaments,6111,649345,643234
4041,antioch,5348,649342,643994
4042,injunction,7734,649206,641472
4043,conical,3703,649194,645491
4044,residues,12227,649147,636920
4045,lads,3294,649042,645748
4046,restrictive,274934,648929,373995
4047,bunch,6891,648711,641820
4048,buchanan,86019,648689,562670
4049,shepherds,2639,648678,646039
4050,paternal,4936,648637,643701
4051,exhibitions,50511,648624,598113
4052,shouts,884,648514,647630
4053,ounce,2728,648510,645782
4054,isabel,68263,648500,580237
4055,luminous,4408,648499,644091
4056,jail,6901,648439,641538
4057,heroine,435536,648366,212830
4058,reared,5023,648363,643340
4059,wireless,12802,648347,635545
4060,articulated,5871,648210,642339
4061,carlo,346371,648129,301758
4062,tails,13266,648095,634829
4063,northward,3670,648061,644391
4064,1790,1254025,647855,606170
4065,stool,3036,647681,644645
4066,undergoing,8110,647556,639446
4067,golf,92459,647394,554935
4068,camels,2594,647055,644461
4069,lazy,3396,646940,643544
4070,strauss,531820,646866,115046
4071,amendments,14060,646836,632776
4072,shaded,2517,646481,643964
4073,anecdote,536540,646461,109921
4074,landowners,4505,646407,641902
4075,pompey,13177,646359,633182
4076,blanket,3937,646339,642402
4077,clive,64257,646337,582080
4078,sour,51150,646336,595186
4079,gratification,204091,646127,442036
4080,ethiopia,25987,646084,620097
4081,longed,806,645971,645165
4082,contamination,417142,645959,228817
4083,beware,2757,645840,643083
4084,assuredly,1331,645792,644461
4085,modelled,4086,645784,641698
4086,controller,12930,645690,632760
4087,expenditures,19317,645640,626323
4088,db,306539,645597,339058
4089,quia,661292,645579,15713
4090,fcap,59,645488,645429
4091,chichester,18713,645424,626711
4092,francesco,305793,645408,339615
4093,tne,19426,645312,625886
4094,bastard,66050,645058,579008
4095,reporter,958955,644794,314161
4096,stretches,3043,644583,641540
4097,attic,9826,644572,634746
4098,lame,1602022,644426,957596
4099,examines,628219,644390,16171
4100,math,116540,644347,527807
4101,orthodoxy,7183,644339,637156
4102,barcelona,141693,644117,502424
4103,tremble,327082,644116,317034
4104,injected,13547,644107,630560
4105,allusions,425629,643991,218362
4106,jenkins,49906,643871,593965
4107,womb,3293,643845,640552
4108,liturgy,4885,643789,638904
4109,forgiven,897,643603,642706
4110,camden,23633,643568,619935
4111,accidentally,1996,643540,641544
4112,eventual,10155,643509,633354
4113,fused,4735,643388,638653
4114,secretaries,9636,643386,633750
4115,lymph,7683,643198,635515
4116,tides,10478,643195,632717
4117,roland,1110409,643165,467244
4118,laurence,224213,643130,418917
4119,gibraltar,313768,642923,329155
4120,1798,473769,642840,169071
4121,transmit,118689,642818,524129
4122,builder,7525,642783,635258
4123,unprecedented,4724,642774,638050
4124,steering,6108,642732,636624
4125,backing,4287,642722,638435
4126,geometric,8241,642717,634476
4127,disclosed,5227,642662,637435
4128,ignoring,3635,642643,639008
4129,beseech,687,642626,641939
4130,revive,9280,642623,633343
4131,pumps,8869,642493,633624
4132,1817,656852,642339,14513
4133,conductivity,18943,642309,623366
4134,leopold,1028143,642215,385928
4135,wang,137896,641952,504056
4136,idol,3692,641942,638250
4137,naive,459457,641853,182396
4138,hasten,2759,641847,639088
4139,canst,1001,641617,640616
4140,rounds,8690,641552,632862
4141,od,157017,641550,484533
4142,richness,6409,641494,635085
4143,exploits,597057,641409,44352
4144,murphy,101238,641226,539988
4145,facilitated,6013,641195,635182
4146,rituals,12671,641184,628513
4147,blossom,4869,641032,636163
4148,homo,447004,640998,193994
4149,deviations,342965,640832,297867
4150,decreed,2323,640470,638147
4151,u.k.,21200,640409,619209
4152,1809,611487,640353,28866
4153,petrol,16293,640318,624025
4154,deprivation,14013,640231,626218
4155,bard,62294,640228,577934
4156,1803,433737,640208,206471
4157,rotten,6221,640121,633900
4158,ic,288449,640072,351623
4159,witchcraft,10352,639928,629576
4160,unaffected,3943,639778,635835
4161,benefited,4335,639739,635404
4162,velocities,11242,639699,628457
4163,pins,817559,639568,177991
4164,integer,20596,639406,618810
4165,coals,4997,639264,634267
4166,awaited,1684,639264,637580
4167,excursion,502643,639205,136562
4168,stafford,35707,638838,603131
4169,aught,993,638825,637832
4170,goodwill,10305,638643,628338
4171,lancet,67095,638436,571341
4172,founders,6226,638434,632208
4173,irving,62481,638310,575829
4174,crawford,56883,638020,581137
4175,forecast,15083,637493,622410
4176,bursting,2053,637427,635374
4177,schmidt,408586,637424,228838
4178,3-4,233130,637398,404268
4179,temptations,1819,637398,635579
4180,nun,138834,637338,498504
4181,negotiating,7064,637218,630154
4182,crush,3891,637094,633203
4183,nil,905680,637077,268603
4184,ef,316843,637067,320224
4185,agrarian,23549,637039,613490
4186,reductions,533007,636910,103903
4187,trim,164283,636890,472607
4188,treatises,8484,636867,628383
4189,enquiries,5339,636589,631250
4190,savoy,23303,636540,613237
4191,foil,7791,636508,628717
4192,saunders,49010,636498,587488
4193,genetics,35456,636295,600839
4194,ip,188328,636196,447868
4195,earning,6679,636176,629497
4196,advertisements,2939,636052,633113
4197,flask,2389,636032,633643
4198,workplace,8240,635723,627483
4199,hairy,3526,635708,632182
4200,commentaries,17262,635691,618429
4201,talbot,94314,635683,541369
4202,tories,74105,635414,561309
4203,dispatch,9210,635388,626178
4204,rum,53656,635381,581725
4205,sua,742154,635212,106942
4206,angelo,147518,634997,487479
4207,rumour,1538,634952,633414
4208,sanitary,25673,634884,609211
4209,tray,5489,634860,629371
4210,unfinished,5923,634851,628928
4211,breeds,6273,634843,628570
4212,archdeacon,5363,634823,629460
4213,orbital,25398,634743,609345
4214,closes,234548,634607,400059
4215,hepatic,8807,634551,625744
4216,bulb,5186,634471,629285
4217,conditioning,19446,634393,614947
4218,shews,1035,634366,633331
4219,inviting,3046,634274,631228
4220,stark,79784,634224,554440
4221,yeah,2367,634220,631853
4222,patiently,1184,634140,632956
4223,toxicity,13383,634084,620701
4224,implying,4880,634037,629157
4225,enjoys,4376,633868,629492
4226,blest,4161,633799,629638
4227,auditory,13120,633787,620667
4228,eagerness,1347,633777,632430
4229,assimilation,1228006,633755,594251
4230,corrosion,321262,633531,312269
4231,coding,10309,633526,623217
4232,greet,2950,633425,630475
4233,r.a.,82319,633372,551053
4234,preparatory,8393,633348,624955
4235,uptake,15872,633259,617387
4236,verlag,392407,633255,240848
4237,thigh,2610,633202,630592
4238,heterogeneous,12661,633141,620480
4239,predicate,7966,633109,625143
4240,annoyed,1073,633061,631988
4241,gateway,7055,633031,625976
4242,sinister,3534,633013,629479
4243,lets,14361,632999,618638
4244,retiring,1818,632951,631133
4245,articulate,4117,632946,628829
4246,supposes,266554,632846,366292
4247,cordial,132385,632776,500391
4248,6.2,119398,632539,513141
4249,demonstrating,5490,632456,626966
4250,constituting,10730,632452,621722
4251,morbid,4531,632413,627882
4252,abnormalities,6927,632365,625438
4253,ovary,6494,632237,625743
4254,franz,381127,632187,251060
4255,needful,1046,632116,631070
4256,compounded,2603,632095,629492
4257,unimportant,3407,631973,628566
4258,module,513371,631888,118517
4259,concerts,462971,631839,168868
4260,tolerably,813,631773,630960
4261,coward,6660,631607,624947
4262,dismal,2837,631484,628647
4263,clinic,17787,631477,613690
4264,psychic,9772,631361,621589
4265,1807,707308,631352,75956
4266,assisting,4471,631326,626855
4267,majestic,16568,631289,614721
4268,demon,668711,631259,37452
4269,workman,8509,631200,622691
4270,shire,14332,631156,616824
4271,1200,368160,631146,262986
4272,butt,9647,631120,621473
4273,benign,6384,631103,624719
4274,offend,1786,631044,629258
4275,gallons,62021,630997,568976
4276,fascist,7605,630968,623363
4277,licensing,11077,630959,619882
4278,rabbits,11391,630929,619538
4279,presided,3434,630927,627493
4280,watt,140774,630912,490138
4281,sm,121818,630803,508985
4282,remorse,1282,630650,629368
4283,workings,4432,630539,626107
4284,barracks,4005,630378,626373
4285,torch,7755,630376,622621
4286,weighted,6875,630331,623456
4287,anxiously,700,630291,629591
4288,casts,5347,630256,624909
4289,imitated,2149,630242,628093
4290,chat,862596,630057,232539
4291,kick,6448,629999,623551
4292,ardour,1213,629987,628774
4293,eo,435640,629832,194192
4294,composers,5286,629682,624396
4295,births,10770,629628,618858
4296,pretending,1843,629570,627727
4297,ptolemy,2214,629488,627274
4298,interviewed,3970,629478,625508
4299,heretics,2570,629436,626866
4300,prehistoric,23491,629403,605912
4301,influencing,12621,629274,616653
4302,actress,1425,628744,627319
4303,rupert,48190,628715,580525
4304,transitional,12939,628681,615742
4305,aus,1138103,628565,509538
4306,pembroke,25214,628535,603321
4307,withstand,3032,628420,625388
4308,explosive,139597,628401,488804
4309,waterloo,245224,628389,383165
4310,tavern,4154,628384,624230
4311,brighter,2063,628345,626282
4312,jr,130556,628296,497740
4313,convoy,12211,628156,615945
4314,collier,521123,628141,107018
4315,survives,2865,628056,625191
4316,complaining,2280,627892,625612
4317,southward,4160,627729,623569
4318,coping,18538,627699,609161
4319,carlos,495553,627685,132132
4320,facade,1288258,627680,660578
4321,morley,40367,627661,587294
4322,madonna,35223,627596,592373
4323,tolerated,3977,627542,623565
4324,quaint,1326,627351,626025
4325,precaution,1410535,627208,783327
4326,perennial,5466,627172,621706
4327,colourless,1385,627116,625731
4328,bean,29317,626967,597650
4329,brotherhood,10773,626897,616124
4330,fermentation,1074992,626851,448141
4331,commandments,1696,626770,625074
4332,pernicious,3425,626719,623294
4333,linn,102095,626703,524608
4334,testify,3996,626631,622635
4335,confrontation,851066,626620,224446
4336,barton,41466,626567,585101
4337,deserts,519459,626517,107058
4338,exaggeration,3133,626371,623238
4339,incidental,7003,625902,618899
4340,migrants,569510,625775,56265
4341,reckoning,3215,625480,622265
4342,historia,466403,625405,159002
4343,electors,3467,625208,621741
4344,walled,3165,625125,621960
4345,obtains,5580,625035,619455
4346,precarious,4854,624998,620144
4347,questionable,5434,624976,619542
4348,medial,29704,624853,595149
4349,fortifications,790413,624732,165681
4350,triumphs,1983,624489,622506
4351,drunken,1807,624448,622641
4352,guarantees,13043,624354,611311
4353,anew,4481,624275,619794
4354,inversion,505888,624209,118321
4355,12s,14156,624069,609913
4356,licensed,4778,623966,619188
4357,librarian,13407,623877,610470
4358,bavaria,7073,623869,616796
4359,pleases,1975,623827,621852
4360,hormones,216270,623800,407530
4361,thebes,210243,623792,413549
4362,registrar,34805,623601,588796
4363,martyrdom,2445,623577,621132
4364,chill,2952,623461,620509
4365,citadel,4246,623411,619165
4366,concave,316578,623296,306718
4367,gaelic,4432,623283,618851
4368,torrent,718723,623175,95548
4369,faber,116953,623130,506177
4370,sculptor,5235,623073,617838
4371,tailor,3681,623035,619354
4372,7.1,100380,623026,522646
4373,practising,3754,623025,619271
4374,vernon,143332,622951,479619
4375,subsection,8507,622925,614418
4376,brunswick,399071,622854,223783
4377,burdens,4021,622835,618814
4378,disliked,1236,622824,621588
4379,populace,361606,622575,260969
4380,infusion,227270,622386,395116
4381,1806,678902,622326,56576
4382,trifle,1553,621995,620442
4383,attested,5347,621952,616605
4384,conveying,3564,621887,618323
4385,affirmative,492404,621817,129413
4386,visitation,141358,621666,480308
4387,schoolmaster,1547,621579,620032
4388,benedict,64985,621528,556543
4389,undermine,3873,621259,617386
4390,brackets,6559,621243,614684
4391,413,287047,621242,334195
4392,popes,24134,621200,597066
4393,ri,784574,621135,163439
4394,matrices,214340,621120,406780
4395,qualify,4755,621088,616333
4396,boarding,7047,620847,613800
4397,hedges,7091,620765,613674
4398,momentary,2159,620742,618583
4399,crushing,3870,620651,616781
4400,moulded,2309,620559,618250
4401,deficiencies,6218,620475,614257
4402,decides,403764,620450,216686
4403,bowels,1306,620049,618743
4404,undesirable,5945,619937,613992
4405,1808,697663,619838,77825
4406,reactive,98425,619822,521397
4407,summed,4005,619785,615780
4408,announce,3714,619759,616045
4409,peculiarity,2677,619626,616949
4410,climatic,27143,619552,592409
4411,jokes,3138,619520,616382
4412,millennium,11706,619446,607740
4413,articulation,1287501,619379,668122
4414,personalities,6499,619180,612681
4415,scan,25724,619065,593341
4416,bondage,4551,619057,614506
4417,medici,59771,618816,559045
4418,heightened,2683,618804,616121
4419,vanish,2799,618564,615765
4420,adjectives,13642,618542,604900
4421,detective,67123,618510,551387
4422,amy,122859,618459,495600
4423,unwin,54181,618255,564074
4424,flute,349461,618133,268672
4425,rotating,8480,618110,609630
4426,chivalry,2967,618065,615098
4427,saxony,1945,617868,615923
4428,scot,180877,617817,436940
4429,vict,44337,617635,573298
4430,powerfully,1708,617630,615922
4431,mercantile,139069,617623,478554
4432,fulness,1029,617271,616242
4433,dietary,10616,617219,606603
4434,ihe,185151,617156,432005
4435,terry,40902,617077,576175
4436,impart,5028,617075,612047
4437,collectors,7177,617043,609866
4438,hereford,22332,616916,594584
4439,buffalo,56455,616879,560424
4440,tempting,2762,616866,614104
4441,sacraments,2697,616731,614034
4442,microscopic,17082,616693,599611
4443,meter,31918,616536,584618
4444,cohesion,974276,616393,357883
4445,bother,2265,616309,614044
4446,vaughan,42530,616071,573541
4447,longitude,456074,615946,159872
4448,edict,57495,615912,558417
4449,pastures,6834,615872,609038
4450,vowels,6579,615839,609260
4451,theologians,4523,615766,611243
4452,baronet,8681,615614,606933
4453,conduction,148308,615600,467292
4454,warner,60080,615591,555511
4455,idealism,7726,615486,607760
4456,witches,3798,615478,611680
4457,restructuring,15967,615437,599470
4458,flattened,3248,615315,612067
4459,toys,4443,615299,610856
4460,maids,2345,615165,612820
4461,escapes,3076,615042,611966
4462,mississippi,52119,615034,562915
4463,ness,14126,615018,600892
4464,nuisance,54614,614954,560340
4465,envisaged,8912,614942,606030
4466,cables,678957,614935,64022
4467,godly,1533,614919,613386
4468,trigger,14076,614872,600796
4469,boswell,19777,614571,594794
4470,continuum,142727,614495,471768
4471,serene,8502,614378,605876
4472,ironically,3336,614311,610975
4473,counterparts,6112,614292,608180
4474,rifles,7774,614263,606489
4475,proverb,5008,614229,609221
4476,frog,12585,614202,601617
4477,poisonous,3265,614199,610934
4478,cradle,4216,614195,609979
4479,cleaned,3306,614110,610804
4480,foreigner,7254,613933,606679
4481,republics,14993,613922,598929
4482,417,293733,613866,320133
4483,jesuit,9773,613794,604021
4484,basement,12718,613778,601060
4485,construed,7449,613705,606256
4486,witty,2628,613619,610991
4487,423,298197,613611,315414
4488,consonant,13383,613583,600200
4489,verified,8277,613425,605148
4490,dat,697977,613422,84555
4491,wares,5074,613419,608345
4492,safer,20440,613398,592958
4493,dissatisfaction,4294,613322,609028
4494,implementing,10380,613299,602919
4495,mao,330865,613239,282374
4496,412,290764,613166,322402
4497,woke,1167,613097,611930
4498,heaps,2235,612971,610736
4499,switching,14382,612822,598440
4500,ely,53179,612707,559528
4501,wooded,2581,612588,610007
4502,fetal,8877,612540,603663
4503,haughty,959,612499,611540
4504,felicity,4282,612423,608141
4505,recorder,25080,612381,587301
4506,aaron,100367,612364,511997
4507,cocoa,11564,612345,600781
4508,mn,505473,612283,106810
4509,discouraged,2708,612242,609534
4510,gal,67196,612181,544985
4511,clash,14556,612086,597530
4512,boring,7488,611918,604430
4513,astronomical,21952,611786,589834
4514,barrels,4621,611749,607128
4515,skirt,1809,611480,609671
4516,inseparable,462915,611370,148455
4517,balancing,7303,611363,604060
4518,faintly,1523,611346,609823
4519,distracted,1018,611210,610192
4520,proven,13680,611174,597494
4521,shanghai,214125,611082,396957
4522,humorous,2232,611052,608820
4523,416,296772,610929,314157
4524,ensured,5298,610894,605596
4525,displaying,3525,610873,607348
4526,quoth,751,610849,610098
4527,assertions,485248,610790,125542
4528,tablet,8266,610787,602521
4529,permitting,6969,610688,603719
4530,460,346596,610679,264083
4531,gravely,1778,610664,608886
4532,patriarchal,8182,610427,602245
4533,1805,384056,610372,226316
4534,stepping,3311,610326,607015
4535,blaze,21001,610325,589324
4536,calais,971870,610272,361598
4537,ventures,24833,610058,585225
4538,cheerfully,794,610028,609234
4539,lyric,4851,609850,604999
4540,1795,581332,609533,28201
4541,abc,173418,609509,436091
4542,linguistics,81695,609481,527786
4543,supplier,227576,609369,381793
4544,cracks,10495,609207,598712
4545,constancy,4410,609179,604769
4546,sundays,2366,608997,606631
4547,condensation,558680,608718,50038
4548,analyzed,18570,608713,590143
4549,fancies,1769,608611,606842
4550,pleading,3329,608552,605223
4551,pictorial,11604,608469,596865
4552,comfortably,1177,608439,607262
4553,ge,382893,608404,225511
4554,sinus,568489,608358,39869
4555,courtiers,256053,608341,352288
4556,horsemen,1504,608287,606783
4557,mirrors,7539,608262,600723
4558,northwest,23234,608247,585013
4559,jimmy,60815,608130,547315
4560,lor,216929,608010,391081
4561,sonnets,159923,607978,448055
4562,wilde,113260,607967,494707
4563,recurrence,129698,607912,478214
4564,grievous,1458,607825,606367
4565,perry,68578,607822,539244
4566,surveyed,5940,607578,601638
4567,excavated,5823,607498,601675
4568,ores,405900,607476,201576
4569,421,289212,607367,318155
4570,consultant,297712,607312,309600
4571,balances,240722,607253,366531
4572,torment,3209,607205,603996
4573,spectacles,898300,607197,291103
4574,periphery,11828,607038,595210
4575,bombing,4164,606985,602821
4576,barred,3137,606859,603722
4577,vera,334208,606712,272504
4578,1794,663654,606676,56978
4579,robbery,4534,606151,601617
4580,vivo,160370,606066,445696
4581,lea,261551,605808,344257
4582,unbroken,2368,605732,603364
4583,credibility,7276,605712,598436
4584,sulphide,3848,605701,601853
4585,dukes,4232,605667,601435
4586,czechoslovakia,16771,605500,588729
4587,conceded,3832,605305,601473
4588,mute,56477,605136,548659
4589,cant,127462,605066,477604
4590,scared,1314,605040,603726
4591,curate,2720,605014,602294
4592,stove,3713,604947,601234
4593,wiped,1542,604871,603329
4594,sheath,4605,604864,600259
4595,civilised,2785,604758,601973
4596,1802,500829,604742,103913
4597,dialects,9040,604719,595679
4598,greeting,2106,604704,602598
4599,elongated,5144,604608,599464
4600,vertically,5207,604574,599367
4601,composing,4327,604548,600221
4602,414,284826,604438,319612
4603,malay,16730,604380,587650
4604,frightful,1198,604041,602843
4605,mc,232511,603992,371481
4606,4.4,145172,603912,458740
4607,awards,11340,603754,592414
4608,placement,1032590,603724,428866
4609,419,290012,603656,313644
4610,filaments,428340,603652,175312
4611,anatomical,12265,603425,591160
4612,cleopatra,7277,603399,596122
4613,katherine,38083,603360,565277
4614,profane,573052,603329,30277
4615,roaring,2710,603272,600562
4616,ly,147159,603185,456026
4617,ivy,11390,603154,591764
4618,saturation,477078,603060,125982
4619,iceland,11166,603056,591890
4620,diffused,4520,603012,598492
4621,confidently,1951,602989,601038
4622,oscar,254595,602913,348318
4623,enlarge,3610,602911,599301
4624,lanes,7412,602769,595357
4625,forged,4201,602760,598559
4626,550,474791,602455,127664
4627,perth,31518,602452,570934
4628,tangible,202633,602436,399803
4629,equator,5590,602417,596827
4630,5.3,130995,602338,471343
4631,ragged,3463,602291,598828
4632,bt,118058,602263,484205
4633,entail,6123,602186,596063
4634,reflective,7288,602154,594866
4635,dot,852232,602080,250152
4636,circus,19209,601978,582769
4637,stays,3481,601974,598493
4638,provost,49347,601970,552623
4639,fullest,3524,601874,598350
4640,outrage,458750,601767,143017
4641,immersed,3917,601763,597846
4642,strove,1776,601685,599909
4643,sanctioned,4055,601647,597592
4644,agreeing,3584,601645,598061
4645,geographic,17749,601562,583813
4646,grotesque,264055,601530,337475
4647,fighter,5485,601521,596036
4648,counsellor,4823,601398,596575
4649,bubble,8419,601323,592904
4650,trunks,2645,601287,598642
4651,commend,2018,601257,599239
4652,indefinitely,3696,601206,597510
4653,absorbing,5044,601153,596109
4654,adversaries,2474,601046,598572
4655,odious,1407,601003,599596
4656,widows,3968,600727,596759
4657,unclear,4258,600641,596383
4658,invaders,2596,600580,597984
4659,canoe,21825,600541,578716
4660,claudius,111612,600453,488841
4661,tacitus,8242,600302,592060
4662,ka,213789,600132,386343
4663,pearls,2924,600119,597195
4664,authorship,6256,599992,593736
4665,converting,4218,599928,595710
4666,supposedly,4882,599841,594959
4667,hum,105060,599833,494773
4668,435,324798,599581,274783
4669,enormously,2644,599468,596824
4670,salute,34776,599274,564498
4671,mutation,1136470,599271,537199
4672,bartholomew,9475,598988,589513
4673,1797,443968,598642,154674
4674,manifestly,3907,598524,594617
4675,shrewsbury,20114,598522,578408
4676,bowel,3711,598321,594610
4677,carthage,452005,598118,146113
4678,sighted,2201,598086,595885
4679,rhodesia,32787,597886,565099
4680,siberia,7530,597807,590277
4681,consecutive,413320,597743,184423
4682,fiercely,947,597684,596737
4683,uneven,5166,597675,592509
4684,dissenters,4906,597599,592693
4685,disasters,5477,597589,592112
4686,beaumont,484818,597413,112595
4687,sparkling,3030,597350,594320
4688,delusion,3299,597337,594038
4689,perceptual,15503,597263,581760
4690,exposing,3126,597107,593981
4691,quarry,6538,597062,590524
4692,stratford,35187,597015,561828
4693,perseverance,718099,596855,121244
4694,crete,1013453,596831,416622
4695,oats,5043,596796,591753
4696,hale,61139,596793,535654
4697,queens,13621,596605,582984
4698,accusations,729436,596559,132877
4699,springing,1679,596539,594860
4700,5000,262152,596445,334293
4701,credited,4427,596421,591994
4702,chatham,46628,596359,549731
4703,performers,4836,596314,591478
4704,disruption,9152,596176,587024
4705,alms,3242,596117,592875
4706,tn,128200,596104,467904
4707,bait,9020,596003,586983
4708,overlapping,8438,595981,587543
4709,pirates,329880,595966,266086
4710,enmity,1342,595932,594590
4711,loc,806262,595922,210340
4712,ransom,7655,595853,588198
4713,eclipse,423146,595727,172581
4714,12mo,2394,595629,593235
4715,cessation,798295,595455,202840
4716,verge,395132,595450,200318
4717,a2,188264,595380,407116
4718,cellar,2774,595301,592527
4719,disraeli,62055,595147,533092
4720,psychologists,5282,595144,589862
4721,flatter,497982,595141,97159
4722,impetus,20548,594966,574418
4723,closet,11088,594887,583799
4724,modem,277194,594782,317588
4725,glacier,369284,594680,225396
4726,psychoanalysis,23715,594610,570895
4727,copying,7493,594600,587107
4728,comrade,2269,594592,592323
4729,ramsay,97109,594584,497475
4730,vernacular,8959,594519,585560
4731,hearers,981,594430,593449
4732,institutes,81823,594422,512599
4733,excessively,2986,594421,591435
4734,alignment,7670,594398,586728
4735,stony,5938,594286,588348
4736,relying,5311,594223,588912
4737,manifesto,19640,594207,574567
4738,saline,168338,594170,425832
4739,critically,6612,594065,587453
4740,pol,491102,593995,102893
4741,descends,87527,593958,506431
4742,interpersonal,12579,593948,581369
4743,sewage,21182,593919,572737
4744,softened,1272,593909,592637
4745,ordnance,8185,593874,585689
4746,warming,9117,593141,584024
4747,duchy,3632,593056,589424
4748,5.5,123774,592956,469182
4749,commencing,3278,592801,589523
4750,sebastian,76694,592755,516061
4751,diverted,2408,592623,590215
4752,johannes,237400,592557,355157
4753,monkeys,11050,592556,581506
4754,424,284661,592428,307767
4755,ribbon,4711,592323,587612
4756,bankrupt,3728,592320,588592
4757,joyful,1115,592298,591183
4758,fulfilling,5662,592291,586629
4759,tolerate,3098,592249,589151
4760,enumerated,6653,592233,585580
4761,clinton,142218,592225,450007
4762,publick,2575,592185,589610
4763,stamps,6627,592099,585472
4764,opaque,386360,591884,205524
4765,wanton,2127,591867,589740
4766,epithelium,403292,591712,188420
4767,investigators,7131,591550,584419
4768,cholera,692884,591466,101418
4769,rejects,5261,591311,586050
4770,burgh,7285,591228,583943
4771,recruited,4894,591068,586174
4772,stray,3421,590938,587517
4773,staple,7696,590926,583230
4774,undertakings,7181,590782,583601
4775,balloon,3569,590471,586902
4776,klein,336027,590418,254391
4777,elaborated,10332,590389,580057
4778,bismarck,681853,590120,91733
4779,buttons,2909,590063,587154
4780,entails,6837,590036,583199
4781,oratory,2273,590007,587734
4782,dissent,19261,589963,570702
4783,assassination,3056,589905,586849
4784,crescent,18028,589797,571769
4785,northampton,24037,589786,565749
4786,xl,299849,589737,289888
4787,demons,477080,589713,112633
4788,safeguard,7783,589589,581806
4789,boyle,66059,589458,523399
4790,marital,29518,589387,559869
4791,aisle,3586,589330,585744
4792,pigment,248771,589268,340497
4793,kim,97997,589212,491215
4794,haired,1321,589093,587772
4795,classed,3515,589086,585571
4796,litter,27070,589028,561958
4797,prototype,301089,588999,287910
4798,glossary,10311,588847,578536
4799,fragile,746256,588740,157516
4800,metric,15399,588573,573174
4801,cleveland,97742,588503,490761
4802,multiplicity,7244,588500,581256
4803,vases,1237167,588334,648833
4804,docks,149301,588279,438978
4805,teachings,5847,588274,582427
4806,jewel,5882,588268,582386
4807,amazement,919,588245,587326
4808,starvation,5144,588183,583039
4809,flats,12927,588106,575179
4810,sloping,3677,588095,584418
4811,ladyship,370,588010,587640
4812,adultery,3198,587913,584715
4813,filed,9826,587819,577993
4814,crews,5331,587807,582476
4815,hebrews,1746,587665,585919
4816,429,275971,587650,311679
4817,electronics,28406,587386,558980
4818,tumult,1539,587250,585711
4819,paved,3112,587150,584038
4820,ideally,3690,587143,583453
4821,austen,38372,587141,548769
4822,zurich,970494,587100,383394
4823,emblem,5675,587007,581332
4824,unquestionably,2789,586909,584120
4825,418,301503,586809,285306
4826,boroughs,9908,586693,576785
4827,establishes,8172,586598,578426
4828,verily,757,586559,585802
4829,obscured,2702,586527,583825
4830,clung,2221,586442,584221
4831,shines,2025,586434,584409
4832,bundles,5048,586377,581329
4833,colors,11300,586327,575027
4834,vol.,147449,586258,438809
4835,422,286846,586110,299264
4836,atonement,1338,585956,584618
4837,biochem,56216,585876,529660
4838,invade,3881,585714,581833
4839,fibers,11804,585579,573775
4840,degenerate,4225,585475,581250
4841,reputed,2204,585414,583210
4842,willow,4400,585391,580991
4843,scanning,18106,585220,567114
4844,seymour,66051,585197,519146
4845,wondrous,1171,585167,583996
4846,shrink,2180,585151,582971
4847,divergence,511875,585006,73131
4848,harcourt,238273,584910,346637
4849,vat,88432,584865,496433
4850,localized,10737,584726,573989
4851,insanity,8559,584667,576108
4852,rainbow,17444,584578,567134
4853,427,284338,584404,300066
4854,resolute,3183,584400,581217
4855,trembled,598,584363,583765
4856,individualism,8902,584084,575182
4857,wedge,6719,584053,577334
4858,stack,12796,583980,571184
4859,impairment,7404,583922,576518
4860,comm,597157,583914,13243
4861,executors,2637,583799,581162
4862,fra,430916,583786,152870
4863,chapels,2684,583685,581001
4864,seizing,2060,583676,581616
4865,illustrative,16546,583656,567110
4866,pall,30866,583584,552718
4867,auto,1477175,583571,893604
4868,weekend,12986,583510,570524
4869,corinth,15136,583456,568320
4870,compartment,4518,583343,578825
4871,councillors,3385,583275,579890
4872,christi,196581,583216,386635
4873,editing,8052,583158,575106
4874,satisfies,4793,583043,578250
4875,withal,855,583025,582170
4876,dubious,3481,583022,579541
4877,algeria,26650,582983,556333
4878,favourably,2902,582970,580068
4879,forestry,38048,582823,544775
4880,fractures,577949,582812,4863
4881,lantern,3048,582788,579740
4882,filters,9953,582733,572780
4883,1780,450670,582548,131878
4884,insured,7665,582510,574845
4885,pike,22126,582502,560376
4886,illus,15615,582319,566704
4887,sceptical,3549,582312,578763
4888,oxides,91669,582249,490580
4889,af,495922,582098,86176
4890,helm,26361,582089,555728
4891,gambling,4870,582027,577157
4892,reluctantly,1349,582009,580660
4893,unanimous,6310,581930,575620
4894,acknowledging,2707,581756,579049
4895,aspiration,764531,581656,182875
4896,domini,479822,581504,101682
4897,piled,1670,581272,579602
4898,doubly,3042,581210,578168
4899,fasting,3098,581204,578106
4900,fauna,63540,581085,517545
4901,misunderstanding,5998,580690,574692
4902,woodcuts,1778,580638,578860
4903,transforming,10625,580183,569558
4904,strands,3553,580179,576626
4905,palmerston,218359,579787,361428
4906,signing,7182,579753,572571
4907,cooke,39711,579722,540011
4908,insane,8687,579684,570997
4909,ace,176911,579617,402706
4910,coaches,3706,579604,575898
4911,remnant,2297,579482,577185
4912,disdain,1535,579429,577894
4913,malicious,2398,579296,576898
4914,williamson,61358,579276,517918
4915,nr,204109,579243,375134
4916,intrigues,984199,579230,404969
4917,reef,30949,579111,548162
4918,cartilage,307777,579076,271299
4919,taxi,199399,578967,379568
4920,elites,718688,578965,139723
4921,tl,245278,578876,333598
4922,performs,3689,578706,575017
4923,potentials,16649,578677,562028
4924,arable,104875,578640,473765
4925,veneration,527501,578639,51138
4926,emphasizes,8598,578310,569712
4927,1799,411106,578257,167151
4928,sequel,3758,578110,574352
4929,compliments,307611,578076,270465
4930,embraces,2995,578055,575060
4931,prelude,404729,578027,173298
4932,detention,1012430,577954,434476
4933,buses,44596,577865,533269
4934,hinted,1508,577864,576356
4935,adhered,3198,577762,574564
4936,knives,2645,577726,575081
4937,"4,000",257132,577644,320512
4938,behaviors,7718,577584,569866
4939,processed,9050,577537,568487
4940,brazilian,19532,577498,557966
4941,metaphors,8410,577496,569086
4942,relax,7151,577404,570253
4943,intuitive,217652,577296,359644
4944,flattering,1279,577295,576016
4945,rack,10320,577276,566956
4946,ontario,366039,577276,211237
4947,shrub,2274,577188,574914
4948,vocational,24549,577106,552557
4949,spores,407584,576828,169244
4950,blend,6240,576821,570581
4951,memorials,6850,576711,569861
4952,perilous,1800,576667,574867
4953,owl,5844,576665,570821
4954,bonnet,1105550,576657,528893
4955,ted,38577,576630,538053
4956,pilots,24737,576612,551875
4957,unavoidable,4565,576435,571870
4958,sleeve,1692,576427,574735
4959,initiate,5550,576387,570837
4960,rubbing,1515,576372,574857
4961,tumors,18321,576096,557775
4962,frail,2182,576036,573854
4963,rosy,7648,575895,568247
4964,recognizes,6379,575871,569492
4965,lasts,12604,575813,563209
4966,omnes,369152,575756,206604
4967,sediments,421320,575619,154299
4968,situ,190370,575560,385190
4969,intends,6464,575555,569091
4970,confines,74026,575284,501258
4971,tossed,834,575273,574439
4972,corp.,2312,575171,572859
4973,sectional,7556,575106,567550
4974,interactive,65454,575026,509572
4975,fischer,343125,575025,231900
4976,participated,7928,575011,567083
4977,bald,43275,574973,531698
4978,433,294084,574747,280663
4979,penance,3104,574739,571635
4980,okay,3685,574637,570952
4981,persecuted,1910,574578,572668
4982,shrewd,1136,574570,573434
4983,toilet,2428,574546,572118
4984,raids,101075,574418,473343
4985,esther,174723,574357,399634
4986,idleness,2164,574356,572192
4987,fountains,2551,574310,571759
4988,marker,25143,574226,549083
4989,noah,20574,574199,553625
4990,dusk,1922,574155,572233
4991,sayings,2671,574088,571417
4992,framing,6752,573991,567239
4993,fielding,43244,573929,530685
4994,giants,4059,573762,569703
4995,surpassed,2149,573759,571610
4996,immigrant,85165,573599,488434
4997,stamens,390,573578,573188
4998,imf,29889,573408,543519
4999,determinants,392459,573323,180864
5000,intermittent,132834,573307,440473
5001,textiles,563026,573232,10206
5002,411,274899,573164,298265
5003,sup,310401,573136,262735
5004,commandment,1295,572982,571687
5005,archaic,10781,572958,562177
5006,diego,314967,572906,257939
5007,reinforcements,1450,572898,571448
5008,rental,5313,572883,567570
5009,participant,559452,572881,13429
5010,ts,226656,572828,346172
5011,arched,1337,572742,571405
5012,johann,182157,572438,390281
5013,turk,29874,572379,542505
5014,pecuniary,6422,572329,565907
5015,goodly,1252,572227,570975
5016,poisoned,1947,572109,570162
5017,wasting,2517,572042,569525
5018,proximal,51939,572037,520098
5019,adrian,59608,571980,512372
5020,godfrey,21655,571831,550176
5021,incense,1761,571807,570046
5022,cellulose,288167,571700,283533
5023,dancers,3463,571650,568187
5024,precedence,11448,571635,560187
5025,ivan,282775,571573,288798
5026,1700,362793,571539,208746
5027,patriot,11381,571529,560148
5028,stalk,3619,571461,567842
5029,relies,524439,571154,46715
5030,bachelor,13415,571150,557735
5031,groove,6232,571133,564901
5032,lis,907219,571129,336090
5033,switched,3492,571083,567591
5034,445,297893,570949,273056
5035,intrigue,923157,570900,352257
5036,dent,999842,570876,428966
5037,adieu,1130487,570743,559744
5038,macro,300093,570737,270644
5039,snakes,5357,570678,565321
5040,spears,19260,570566,551306
5041,432,290371,570560,280189
5042,deference,319774,570538,250764
5043,realms,3550,570390,566840
5044,431,267698,570188,302490
5045,undermined,3194,570182,566988
5046,overt,5280,570177,564897
5047,fascination,343742,569810,226068
5048,spider,8475,569751,561276
5049,redeemed,2037,569748,567711
5050,parochial,4351,569691,565340
5051,auction,6694,569623,562929
5052,surmounted,1371,569559,568188
5053,puzzle,80429,569527,489098
5054,decomposed,2411,569451,567040
5055,cautiously,1357,569403,568046
5056,omnia,386285,569397,183112
5057,ulysses,16931,569308,552377
5058,contradict,4107,569303,565196
5059,ovate,1474,569272,567798
5060,downstairs,753,569267,568514
5061,bays,9485,569224,559739
5062,uneasiness,2412,569222,566810
5063,correlations,313636,569186,255550
5064,hawkins,35159,569186,534027
5065,respondent,32714,569106,536392
5066,glacial,153743,569039,415296
5067,pronoun,9061,568948,559887
5068,cato,16752,568905,552153
5069,1796,432290,568883,136593
5070,analysing,10443,568838,558395
5071,immensely,1797,568753,566956
5072,sanctity,2407,568522,566115
5073,proudly,1504,568522,567018
5074,retreated,975,568385,567410
5075,dispensation,40738,568311,527573
5076,treacherous,1429,568290,566861
5077,catalyst,7255,568259,561004
5078,tyre,5589,568162,562573
5079,kaiser,205368,568142,362774
5080,deferred,4772,567843,563071
5081,fist,140167,567796,427629
5082,montagu,58736,567737,509001
5083,confront,6265,567724,561459
5084,protracted,2993,567656,564663
5085,divorced,3997,567440,563443
5086,dagger,1687,567403,565716
5087,funded,4963,567325,562362
5088,macaulay,54865,567259,512394
5089,colored,11571,567230,555659
5090,fleming,55546,567145,511599
5091,428,276949,567116,290167
5092,rejoicing,976,566995,566019
5093,prophecies,2711,566989,564278
5094,wastes,7693,566966,559273
5095,reckless,2511,566950,564439
5096,1.6,185644,566923,381279
5097,incorporating,6298,566918,560620
5098,characterize,10556,566857,556301
5099,commences,196827,566697,369870
5100,renounce,2998,566664,563666
5101,unfamiliar,3505,566613,563108
5102,journalism,10219,566602,556383
5103,macedonia,10891,566571,555680
5104,prelates,1073,566526,565453
5105,materialism,7010,566462,559452
5106,litigation,10934,566371,555437
5107,clarify,7931,565953,558022
5108,angus,30543,565857,535314
5109,constituency,6690,565749,559059
5110,certificates,15214,565729,550515
5111,damaging,3403,565725,562322
5112,morrison,45340,565701,520361
5113,bonding,7519,565646,558127
5114,minimize,5520,565599,560079
5115,inhabit,3075,565449,562374
5116,thatcher,72929,565402,492473
5117,counselling,6589,565383,558794
5118,instinctive,226740,565381,338641
5119,recalling,4706,565229,560523
5120,1n,26825,565030,538205
5121,vines,17181,564985,547804
5122,1791,1381593,564982,816611
5123,1-3,118599,564976,446377
5124,tidal,17657,564916,547259
5125,750,579869,564881,14988
5126,evidences,139689,564846,425157
5127,filtered,4922,564819,559897
5128,bolton,29464,564764,535300
5129,ind.,14745,564730,549985
5130,awakening,6745,564630,557885
5131,pleas,5399,564545,559146
5132,ranking,8346,564540,556194
5133,hopeful,2253,564289,562036
5134,dismay,959,564255,563296
5135,vaguely,2166,564200,562034
5136,dispatched,2270,564077,561807
5137,chess,8757,563991,555234
5138,desolation,311826,563969,252143
5139,cunningham,46260,563938,517678
5140,hooker,49873,563923,514050
5141,raging,2107,563855,561748
5142,magna,149560,563827,414267
5143,tubular,5280,563825,558545
5144,solemnity,750,563787,563037
5145,ethnicity,22391,563785,541394
5146,inmates,3667,563596,559929
5147,wilkinson,42780,563575,520795
5148,insisting,3089,563386,560297
5149,appropriation,686243,563323,122920
5150,7.2,93423,563047,469624
5151,rustic,3307,562933,559626
5152,nightingale,15023,562914,547891
5153,426,265211,562876,297665
5154,regain,213075,562801,349726
5155,orchard,8039,562737,554698
5156,awhile,561,562702,562141
5157,wildly,920,562686,561766
5158,inferences,60169,562627,502458
5159,wittgenstein,219972,562575,342603
5160,bentley,35491,562345,526854
5161,ranked,3341,562313,558972
5162,bravery,1580,562281,560701
5163,heb,26773,562144,535371
5164,ev,152446,562109,409663
5165,assemblage,672661,562088,110573
5166,smoothly,2449,562082,559633
5167,dialogues,522509,562069,39560
5168,unacceptable,4536,562051,557515
5169,enamel,8160,562046,553886
5170,sinks,2440,561994,559554
5171,distillation,606540,561976,44564
5172,seriousness,3800,561961,558161
5173,conscientious,2322,561865,559543
5174,mutations,898345,561857,336488
5175,excused,1200,561751,560551
5176,chelsea,27894,561746,533852
5177,idols,2093,561707,559614
5178,gotten,2163,561540,559377
5179,whistle,2215,561475,559260
5180,interestingly,3999,561464,557465
5181,undisturbed,3621,561397,557776
5182,negation,1159048,561294,597754
5183,contingency,7345,561198,553853
5184,hooks,4580,561184,556604
5185,jefferson,138076,561124,423048
5186,chromosomes,258519,560914,302395
5187,sponsored,10427,560854,550427
5188,listing,23957,560602,536645
5189,deem,6942,560587,553645
5190,tactical,6602,560563,553961
5191,conceit,2590,560274,557684
5192,learner,5539,560267,554728
5193,2.0,219220,560095,340875
5194,indo,623926,560093,63833
5195,tha,28544,559981,531437
5196,sighs,1449,559979,558530
5197,incessant,285637,559910,274273
5198,amply,2954,559759,556805
5199,veteran,87576,559614,472038
5200,empowered,5849,559584,553735
5201,verify,7485,559474,551989
5202,envoy,22053,559305,537252
5203,archer,90658,559108,468450
5204,lordships,2983,559106,556123
5205,trader,13891,559095,545204
5206,handles,4075,559080,555005
5207,transnational,60207,558988,498781
5208,motionless,1566,558902,557336
5209,peking,77833,558877,481044
5210,1804,470892,558757,87865
5211,pledged,2440,558649,556209
5212,tc,121945,558574,436629
5213,n.y.,73678,558533,484855
5214,correctness,5464,558463,552999
5215,debated,4108,558349,554241
5216,query,7278,558307,551029
5217,malaria,131642,558199,426557
5218,encourages,207123,558182,351059
5219,dearly,2757,558071,555314
5220,maxims,3437,558012,554575
5221,wolves,2260,557961,555701
5222,eruption,594330,557941,36389
5223,consort,16977,557808,540831
5224,segregation,286903,557783,270880
5225,proletariat,930462,557766,372696
5226,specialised,7748,557707,549959
5227,stockings,1312,557677,556365
5228,biochemical,18055,557649,539594
5229,radioactive,62609,557555,494946
5230,strikingly,3520,557550,554030
5231,repealed,4080,557442,553362
5232,responsive,8937,557418,548481
5233,diluted,5141,557395,552254
5234,suez,553713,557381,3668
5235,branched,2334,557333,554999
5236,audio,194310,557316,363006
5237,impending,2542,557145,554603
5238,complication,618273,557098,61175
5239,outwards,2314,556938,554624
5240,seneca,22348,556915,534567
5241,trusting,1303,556876,555573
5242,maine,915028,556715,358313
5243,muller,602976,556647,46329
5244,controversies,8894,556508,547614
5245,proposing,5044,556409,551365
5246,vnto,780,556370,555590
5247,generality,4653,556353,551700
5248,repay,2793,556286,553493
5249,flushed,768,556211,555443
5250,sap,71389,556200,484811
5251,umbrella,4665,556155,551490
5252,ja,1082511,556058,526453
5253,susceptibility,11645,556024,544379
5254,dictatorship,8127,555928,547801
5255,tamen,367339,555782,188443
5256,stubborn,2865,555770,552905
5257,mountainous,3488,555589,552101
5258,437,277433,555503,278070
5259,handwriting,3146,555450,552304
5260,fascism,10141,555367,545226
5261,markers,13298,555343,542045
5262,repeats,3024,555342,552318
5263,dusty,1947,555286,553339
5264,fright,1622,555206,553584
5265,urn,9265,555158,545893
5266,deacon,9490,555136,545646
5267,degeneration,94276,555013,460737
5268,glories,2602,555009,552407
5269,fade,139049,554941,415892
5270,perceptible,374817,554932,180115
5271,fairness,7658,554923,547265
5272,endorsed,4404,554920,550516
5273,electrodes,415717,554881,139164
5274,diseased,4679,554711,550032
5275,lamented,1224,554706,553482
5276,disclose,3941,554650,550709
5277,republicans,2921,554522,551601
5278,disabilities,7607,554366,546759
5279,infamous,1651,554344,552693
5280,contractors,7967,554322,546355
5281,gin,75075,554180,479105
5282,detector,12462,554155,541693
5283,peacock,21027,554137,533110
5284,subscribed,2827,554065,551238
5285,amuse,255388,553944,298556
5286,awoke,642,553827,553185
5287,designers,20839,553634,532795
5288,canopy,5390,553582,548192
5289,facto,350995,553554,202559
5290,hubert,764229,553525,210704
5291,hunted,2006,553477,551471
5292,painfully,1290,553436,552146
5293,xxix,328544,553419,224875
5294,viruses,14979,553149,538170
5295,rainy,6020,553100,547080
5296,outdoor,5883,553061,547178
5297,accompaniment,1977,553036,551059
5298,remembers,2426,553020,550594
5299,rub,17199,552996,535797
5300,om,707041,552941,154100
5301,synonymous,4204,552874,548670
5302,periodicals,25136,552693,527557
5303,alderman,18484,552669,534185
5304,nash,49704,552657,502953
5305,sutherland,39181,552553,513372
5306,doings,1332,552436,551104
5307,2.6,157611,552177,394566
5308,tasted,899,552146,551247
5309,swinging,2397,552129,549732
5310,residing,8605,551957,543352
5311,synagogue,223012,551891,328879
5312,prognosis,8345,551886,543541
5313,carol,85768,551785,466017
5314,legendary,3466,551768,548302
5315,pius,95410,551752,456342
5316,partake,1473,551735,550262
5317,legions,428615,551693,123078
5318,liber,413453,551602,138149
5319,stall,4713,551464,546751
5320,josephus,13043,551143,538100
5321,yarn,3636,551054,547418
5322,attaining,3909,551026,547117
5323,tint,1038321,551021,487300
5324,preserves,99941,551014,451073
5325,censorship,7417,550862,543445
5326,uniting,4725,550816,546091
5327,patrol,12208,550784,538576
5328,intensified,4963,550776,545813
5329,burgess,34916,550774,515858
5330,inlet,12629,550487,537858
5331,blocking,6214,550483,544269
5332,afar,20503,550482,529979
5333,excise,42075,550427,508352
5334,lineage,9078,550370,541292
5335,listener,6563,550363,543800
5336,airy,28050,550294,522244
5337,jumping,3849,550093,546244
5338,lemma,7237,550061,542824
5339,rye,20247,549955,529708
5340,slew,640,549907,549267
5341,7.5,95096,549849,454753
5342,tensile,7221,549810,542589
5343,telecommunications,618565,549766,68799
5344,interrupt,2964,549720,546756
5345,shelves,3831,549673,545842
5346,acknowledges,3467,549658,546191
5347,oe,329605,549520,219915
5348,0.3,164122,549505,385383
5349,marshes,3297,549485,546188
5350,fu,377681,549439,171758
5351,rebellious,2088,549397,547309
5352,formulas,15387,549393,534006
5353,cowper,32162,549221,517059
5354,masks,7772,549005,541233
5355,mas,944217,548989,395228
5356,fiber,18988,548932,529944
5357,comb,16101,548909,532808
5358,rabbi,94997,548907,453910
5359,reginald,44645,548874,504229
5360,vinegar,2126,548822,546696
5361,jeremiah,7848,548791,540943
5362,lenses,6794,548774,541980
5363,coils,9653,548770,539117
5364,ants,16302,548495,532193
5365,corolla,15496,548291,532795
5366,airs,815862,548118,267744
5367,mutton,2670,548078,545408
5368,courteous,1250,548012,546762
5369,shipped,5200,547962,542762
5370,credible,150070,547922,397852
5371,meaningless,4231,547862,543631
5372,sustaining,4793,547859,543066
5373,dogma,16971,547796,530825
5374,clarence,62096,547732,485636
5375,ambrose,11076,547731,536655
5376,altars,2045,547709,545664
5377,discord,15117,547306,532189
5378,selfe,1875,547296,545421
5379,parasites,809780,547167,262613
5380,shocks,10331,546820,536489
5381,butterfly,10567,546671,536104
5382,drury,22367,546645,524278
5383,postwar,13171,546593,533422
5384,laud,52924,546557,493633
5385,levi,462452,546541,84089
5386,tearing,1714,546539,544825
5387,involuntary,4592,546459,541867
5388,iranian,18621,546355,527734
5389,generates,10173,546253,536080
5390,appreciable,784670,546234,238436
5391,affording,2249,546233,543984
5392,conductors,4951,546098,541147
5393,fitzgerald,44734,546045,501311
5394,gardiner,36671,546024,509353
5395,peerage,3023,545966,542943
5396,unsuitable,3123,545904,542781
5397,lipid,10334,545888,535554
5398,spoils,4344,545884,541540
5399,utterances,5421,545571,540150
5400,6.3,99636,545498,445862
5401,housed,3646,545413,541767
5402,1776,389803,545376,155573
5403,feat,2740,545357,542617
5404,anxieties,1843,545276,543433
5405,tariffs,13225,545276,532051
5406,cleft,5159,545218,540059
5407,learns,2938,545133,542195
5408,permissible,6312,545090,538778
5409,valentine,123669,545063,421394
5410,raven,20333,545043,524710
5411,triangles,313677,545031,231354
5412,concerto,133517,544823,411306
5413,wrongly,3455,544767,541312
5414,subjectivity,6984,544580,537596
5415,peters,100633,544549,443916
5416,gratified,906,544116,543210
5417,overlooking,1782,544039,542257
5418,aiming,7140,543970,536830
5419,princely,2042,543915,541873
5420,aboriginal,19408,543872,524464
5421,470,315196,543828,228632
5422,miseries,1266,543773,542507
5423,incision,600716,543693,57023
5424,stein,279977,543684,263707
5425,laird,24115,543487,519372
5426,recruits,3348,543440,540092
5427,prefers,3658,543440,539782
5428,piercing,5014,543361,538347
5429,covent,23756,543282,519526
5430,taxed,4053,543259,539206
5431,stat,132743,543259,410516
5432,despotism,4296,543192,538896
5433,gorgeous,1182,543076,541894
5434,eec,28337,543056,514719
5435,superiors,2206,542987,540781
5436,reservations,36905,542895,505990
5437,midland,25005,542814,517809
5438,causation,20293,542709,522416
5439,guitar,3720,542665,538945
5440,buenos,581480,542581,38899
5441,distribute,8241,542548,534307
5442,rouse,12861,542514,529653
5443,densities,12356,542410,530054
5444,slice,4555,542364,537809
5445,overnight,3169,542288,539119
5446,claimant,8016,542224,534208
5447,lag,38698,542222,503524
5448,rejoiced,490,542178,541688
5449,executives,48430,542106,493676
5450,wto,11632,542074,530442
5451,ineffective,5893,542059,536166
5452,emphatically,2076,541953,539877
5453,optimism,4215,541815,537600
5454,fights,2908,541793,538885
5455,directs,1140076,541766,598310
5456,optimistic,4351,541701,537350
5457,anchored,3481,541651,538170
5458,epithet,1578,541504,539926
5459,headings,9805,541373,531568
5460,iniquity,750,541314,540564
5461,collateral,73478,541291,467813
5462,449,255973,541291,285318
5463,crooked,2621,541233,538612
5464,inclinations,240361,541226,300865
5465,expects,3559,541190,537631
5466,multitudes,104159,541082,436923
5467,extravagance,131020,541019,409999
5468,factual,7697,540831,533134
5469,powerless,2710,540812,538102
5470,tommy,23395,540779,517384
5471,filthy,1134,540752,539618
5472,caravan,6741,540729,533988
5473,dissatisfied,2078,540726,538648
5474,chron,171991,540716,368725
5475,decorations,353025,540650,187625
5476,nisi,360135,540582,180447
5477,flemish,7643,540484,532841
5478,lesbian,6380,540437,534057
5479,reservation,77501,540407,462906
5480,beset,2637,540365,537728
5481,cs,202464,540331,337867
5482,inflamed,1225,540243,539018
5483,reminiscent,4630,540197,535567
5484,viral,34915,540192,505277
5485,calculus,14261,540141,525880
5486,differentiate,5745,540129,534384
5487,parable,7008,540074,533066
5488,climates,6834,540057,533223
5489,434,267130,539960,272830
5490,melville,78853,539950,461097
5491,timely,3995,539898,535903
5492,surg,87031,539838,452807
5493,protestantism,5690,539679,533989
5494,defender,10420,539629,529209
5495,cornish,8728,539622,530894
5496,batch,10033,539576,529543
5497,excursions,382649,539538,156889
5498,diligent,58149,539485,481336
5499,monumental,242197,539393,297196
5500,neolithic,12889,539351,526462
5501,deflection,8849,539318,530469
5502,premise,5458,539293,533835
5503,assigns,3202,539274,536072
5504,gaiety,1382,539265,537883
5505,dresden,32015,539237,507222
5506,accessed,2434,539225,536791
5507,senators,3491,539090,535599
5508,kisses,1372,539034,537662
5509,gardner,60557,538937,478380
5510,doc,626273,538912,87361
5511,flush,5359,538907,533548
5512,0.4,161800,538889,377089
5513,scheduled,8258,538815,530557
5514,annoyance,1327,538788,537461
5515,palate,5191,538622,533431
5516,sperm,8221,538616,530395
5517,sind,813935,538580,275355
5518,informing,4038,538480,534442
5519,justin,268970,538478,269508
5520,ned,36229,538434,502205
5521,carr,50862,538396,487534
5522,panama,434210,538339,104129
5523,441,258730,538265,279535
5524,entrepreneurs,1100370,538245,562125
5525,spoiled,1624,537985,536361
5526,robbers,2964,537749,534785
5527,capitalists,5151,537712,532561
5528,vividly,1860,537621,535761
5529,signifying,3146,537500,534354
5530,unanimously,8758,537311,528553
5531,rem,351641,537305,185664
5532,455,291403,537273,245870
5533,personage,3771,537262,533491
5534,resolving,6031,537167,531136
5535,condenser,137482,537108,399626
5536,bower,15124,537092,521968
5537,embroidered,1156,537078,535922
5538,evoked,8686,537020,528334
5539,polymers,8339,536966,528627
5540,transvaal,161715,536951,375236
5541,pigeon,239817,536947,297130
5542,steve,53362,536911,483549
5543,cortical,87143,536906,449763
5544,quixote,5205,536897,531692
5545,439,255274,536799,281525
5546,cometh,855,536734,535879
5547,romances,92634,536718,444084
5548,scrap,5858,536707,530849
5549,lindsay,42954,536605,493651
5550,iliad,5095,536511,531416
5551,newer,5158,536458,531300
5552,vastly,2338,536333,533995
5553,throng,949,536329,535380
5554,stratum,23710,536303,512593
5555,cornelius,131578,536257,404679
5556,rushes,7330,536127,528797
5557,conquerors,1910,536100,534190
5558,portable,87126,536086,448960
5559,reactor,24882,536069,511187
5560,financed,8828,536067,527239
5561,propensity,5240,536021,530781
5562,skeletal,15232,536015,520783
5563,8.1,82907,535844,452937
5564,rf,142533,535833,393300
5565,clumsy,1651,535810,534159
5566,hypocrisy,1855,535704,533849
5567,1811,540368,535666,4702
5568,steele,34243,535609,501366
5569,excesses,2841,535364,532523
5570,ancestral,88434,535313,446879
5571,divines,544326,535291,9035
5572,mademoiselle,1356716,535281,821435
5573,vp,60900,535267,474367
5574,phd,17782,535231,517449
5575,modeling,17562,535182,517620
5576,uncovered,3133,535110,531977
5577,caustic,1902,535017,533115
5578,integrate,8097,534903,526806
5579,pertinent,264501,534814,270313
5580,nicholson,50873,534791,483918
5581,flown,1685,534706,533021
5582,instructor,5435,534637,529202
5583,neville,39868,534592,494724
5584,pork,5420,534580,529160
5585,meta,238489,534371,295882
5586,civilians,4883,534342,529459
5587,springer,106283,534262,427979
5588,cracked,2245,534217,531972
5589,reprint,43665,534190,490525
5590,impracticable,2404,534095,531691
5591,aquatic,14664,534089,519425
5592,fossils,12469,534019,521550
5593,baghdad,25761,534016,508255
5594,vainly,955,533961,533006
5595,whisky,100928,533955,433027
5596,archibald,44403,533894,489491
5597,apprentice,3890,533836,529946
5598,favorite,294690,533766,239076
5599,packages,9901,533451,523550
5600,paces,5926,533442,527516
5601,kills,3174,533366,530192
5602,joyous,1201,533336,532135
5603,footnote,7386,533250,525864
5604,juliet,12303,533241,520938
5605,brood,5926,533213,527287
5606,sullivan,58089,533158,475069
5607,locomotive,403881,533113,129232
5608,fragrant,1296,533107,531811
5609,aug,306185,533086,226901
5610,demolished,1536,533075,531539
5611,ferguson,59915,533060,473145
5612,subordination,591015,533032,57983
5613,upheld,4129,533009,528880
5614,enquire,2497,532834,530337
5615,4-5,146780,532800,386020
5616,multiplying,3043,532754,529711
5617,underwent,4760,532745,527985
5618,boar,3127,532624,529497
5619,disciplinary,9042,532605,523563
5620,educ,29507,532552,503045
5621,warnings,2635,532401,529766
5622,pneumonia,6626,532339,525713
5623,443,281256,532314,251058
5624,ernst,343171,532306,189135
5625,offending,2246,532294,530048
5626,peas,4359,532293,527934
5627,gleam,1253,532198,530945
5628,resented,1176,532177,531001
5629,destroys,2828,532127,529299
5630,blossoms,1457,532043,530586
5631,incline,644179,532015,112164
5632,sinclair,64237,531931,467694
5633,carving,2602,531910,529308
5634,franks,83157,531795,448638
5635,confessions,463958,531778,67820
5636,lincolnshire,9685,531686,522001
5637,fern,15904,531637,515733
5638,furnaces,6749,531621,524872
5639,monarchs,1786,531591,529805
5640,relish,1240,531578,530338
5641,uterine,361902,531524,169622
5642,444,279153,531448,252295
5643,drawer,1818,531442,529624
5644,lingering,1314,531362,530048
5645,wildlife,15170,531176,516006
5646,cube,842877,531145,311732
5647,injure,571605,531112,40493
5648,dissociation,448094,531097,83003
5649,pauline,306150,531043,224893
5650,accumulate,4210,530955,526745
5651,preferably,5258,530874,525616
5652,albany,84025,530821,446796
5653,bequeathed,4825,530725,525900
5654,boon,13836,530635,516799
5655,undoubted,2039,530595,528556
5656,postponed,3615,530569,526954
5657,dots,68657,530554,461897
5658,"40,000",177393,530489,353096
5659,imperfectly,2441,530412,527971
5660,excepted,3917,530251,526334
5661,terrorist,4938,530154,525216
5662,dissolves,1205,530135,528930
5663,gibbon,85266,530127,444861
5664,pore,79025,530011,450986
5665,andrea,184343,530009,345666
5666,payne,49172,529923,480751
5667,bleak,3175,529820,526645
5668,uranium,439107,529818,90711
5669,reviewing,5652,529731,524079
5670,lf,102963,529698,426735
5671,attributable,5315,529603,524288
5672,amber,5960,529550,523590
5673,solubility,6360,529538,523178
5674,algorithms,7731,529536,521805
5675,ventricle,2676,529421,526745
5676,436,271339,529366,258027
5677,workforce,4848,529240,524392
5678,mee,89944,529222,439278
5679,chopped,1071,529190,528119
5680,transparency,14214,529190,514976
5681,1660,237131,529157,292026
5682,spindle,4350,528973,524623
5683,warehouse,6688,528966,522278
5684,compulsion,34493,528943,494450
5685,purest,1819,528775,526956
5686,ironic,3894,528732,524838
5687,mules,152218,528682,376464
5688,mesh,14153,528680,514527
5689,radar,147406,528594,381188
5690,weaver,20348,528547,508199
5691,admittedly,5147,528344,523197
5692,exodus,10654,528341,517687
5693,4000,254361,528323,273962
5694,automobile,1150298,528139,622159
5695,bamboo,3594,528109,524515
5696,unrest,5479,528082,522603
5697,garrick,32306,528023,495717
5698,gandhi,136091,527897,391806
5699,hampton,30153,527852,497699
5700,invent,20427,527735,507308
5701,futile,121440,527721,406281
5702,storey,8790,527627,518837
5703,frequented,1493,527589,526096
5704,liberality,1010,527540,526530
5705,florentine,104967,527144,422177
5706,appellation,691011,527143,163868
5707,undone,1586,527098,525512
5708,maggie,17504,527074,509570
5709,mischievous,1272,527021,525749
5710,yer,10616,526976,516360
5711,naturalist,10312,526965,516653
5712,kidneys,3967,526925,522958
5713,methodist,6753,526869,520116
5714,oj,132949,526723,393774
5715,empires,579464,526662,52802
5716,438,272039,526517,254478
5717,greenish,2075,526512,524437
5718,ghana,365799,526495,160696
5719,heather,6135,526395,520260
5720,oaks,23444,526375,502931
5721,extensions,184570,526256,341686
5722,fourier,384494,526059,141565
5723,discovers,3282,526049,522767
5724,mortimer,40695,525991,485296
5725,aging,24156,525864,501708
5726,unpopular,1757,525836,524079
5727,chemist,5568,525835,520267
5728,squadrons,3895,525777,521882
5729,plunge,2103,525748,523645
5730,honorary,8054,525683,517629
5731,appl,96032,525601,429569
5732,sh,167211,525581,358370
5733,remuneration,1390488,525541,864947
5734,vexed,1034,525510,524476
5735,compensated,6360,525415,519055
5736,boundless,1982,525351,523369
5737,preoccupation,1255345,525323,730022
5738,o'brien,47955,525304,477349
5739,1783,362013,525253,163240
5740,contour,593988,525220,68768
5741,asthma,10505,525164,514659
5742,ageing,14089,525150,511061
5743,hardship,4559,525090,520531
5744,intrusion,224242,525062,300820
5745,tel.,43702,525041,481339
5746,boldness,1159,525035,523876
5747,dictates,2921,524975,522054
5748,avowed,1631,524968,523337
5749,adolescents,586781,524894,61887
5750,ligament,320959,524850,203891
5751,dau,38955,524838,485883
5752,heretofore,5044,524816,519772
5753,lunar,10004,524814,514810
5754,thorax,417336,524738,107402
5755,clearness,1646,524649,523003
5756,cheque,510483,524647,14164
5757,mourn,1283,524591,523308
5758,447,268586,524459,255873
5759,powdered,2238,524456,522218
5760,myocardial,10054,524425,514371
5761,niger,979966,524377,455589
5762,commended,1093,524314,523221
5763,bathroom,1604,524305,522701
5764,electorate,4156,524294,520138
5765,neighborhood,10498,524257,513759
5766,highlight,5948,524239,518291
5767,grasses,407268,524085,116817
5768,sleeves,1101,523991,522890
5769,fowler,49105,523845,474740
5770,mortals,1261,523838,522577
5771,longman,40221,523808,483587
5772,descendant,1041767,523705,518062
5773,bourbon,1273354,523680,749674
5774,aviation,883724,523679,360045
5775,consecration,615883,523671,92212
5776,doll,46451,523604,477153
5777,partisan,783398,523520,259878
5778,wan,43954,523454,479500
5779,call'd,1280,523444,522164
5780,pertaining,9656,523433,513777
5781,exemplary,4765,523410,518645
5782,leases,4395,523410,519015
5783,forfeited,2515,523268,520753
5784,antecedent,187483,523223,335740
5785,confessor,5695,523200,517505
5786,ascribe,2143,523161,521018
5787,luxurious,1461,523119,521658
5788,baked,1998,523028,521030
5789,willie,17087,522914,505827
5790,linkage,16786,522889,506103
5791,culturally,6850,522882,516032
5792,flax,3984,522872,518888
5793,refugee,18304,522847,504543
5794,integrating,11012,522793,511781
5795,movies,8232,522768,514536
5796,faid,3095,522767,519672
5797,faulty,3374,522716,519342
5798,plumage,158084,522666,364582
5799,salient,5032,522618,517586
5800,ee,512378,522356,9978
5801,illusions,1157342,522343,634999
5802,cardiff,35037,522246,487209
5803,brittle,5256,522211,516955
5804,libel,7739,522211,514472
5805,ya,367984,522171,154187
5806,deposed,1102,522152,521050
5807,dialectic,9244,521876,512632
5808,spoon,3286,521791,518505
5809,warmer,3645,521756,518111
5810,imagining,3500,521616,518116
5811,boasted,942,521600,520658
5812,nostrils,1034,521525,520491
5813,dispense,1050086,521442,528644
5814,romeo,110729,521417,410688
5815,acknowledgements,5569,521350,515781
5816,contending,2705,521340,518635
5817,surveyor,9726,521316,511590
5818,flattery,1599,521293,519694
5819,tsar,506768,521251,14483
5820,hermann,436887,521206,84319
5821,fabrics,5443,521137,515694
5822,bentham,161967,521081,359114
5823,tragedies,325187,521079,195892
5824,blended,3230,521064,517834
5825,chen,124360,521063,396703
5826,arthritis,19726,521030,501304
5827,poorest,3340,520899,517559
5828,concise,120045,520850,400805
5829,revolving,5616,520828,515212
5830,urgency,4684,520796,516112
5831,nunc,254500,520739,266239
5832,concentrating,4017,520691,516674
5833,jung,217045,520677,303632
5834,flashed,603,520594,519991
5835,preventive,403606,520551,116945
5836,thofe,323,520451,520128
5837,electromagnetic,11152,520445,509293
5838,hindus,5446,520347,514901
5839,ieee,30062,520264,490202
5840,bede,56343,520178,463835
5841,stuffed,1104,520146,519042
5842,apprehensions,239868,520140,280272
5843,cholesterol,99361,520100,420739
5844,gould,69080,520087,451007
5845,staining,8824,520038,511214
5846,stiffness,4277,520013,515736
5847,tens,22708,519938,497230
5848,ofthe,308214,519926,211712
5849,engels,376862,519918,143056
5850,tyne,27343,519906,492563
5851,prefixed,1880,519851,517971
5852,floated,1503,519831,518328
5853,substitutes,6081,519759,513678
5854,entailed,4055,519736,515681
5855,appalling,1484,519733,518249
5856,5.4,111028,519689,408661
5857,biographer,1584,519678,518094
5858,industrialization,21123,519602,498479
5859,fome,3874,519589,515715
5860,respectful,2020,519575,517555
5861,johns,63811,519574,455763
5862,terrors,1901,519549,517648
5863,earnestness,727,519525,518798
5864,dixon,42806,519493,476687
5865,weaken,2991,519459,516468
5866,widening,5712,519379,513667
5867,expiration,1241334,519355,721979
5868,armenian,9159,519322,510163
5869,originating,10141,519283,509142
5870,builds,3692,519260,515568
5871,transcendental,31111,519256,488145
5872,psychotherapy,15426,519232,503806
5873,retina,9848,519221,509373
5874,dawson,58979,519132,460153
5875,nicht,1448699,518928,929771
5876,hydrolysis,5119,518880,513761
5877,allegory,5426,518862,513436
5878,disobedience,2544,518820,516276
5879,kissing,1731,518768,517037
5880,abel,419810,518677,98867
5881,inventor,6041,518633,512592
5882,manning,47469,518626,471157
5883,spies,8579,518589,510010
5884,highlighted,4090,518525,514435
5885,militant,520766,518513,2253
5886,foreground,3993,518499,514506
5887,1788,527037,518311,8726
5888,shortest,3922,518237,514315
5889,ira,889372,518182,371190
5890,1787,500815,518173,17358
5891,moods,2569,518141,515572
5892,pulses,9851,518034,508183
5893,xxxi,301823,517897,216074
5894,carts,2489,517879,515390
5895,healed,2704,517874,515170
5896,adoration,447244,517874,70630
5897,moth,8323,517853,509530
5898,contractual,12411,517800,505389
5899,benzene,88501,517754,429253
5900,loneliness,3003,517709,514706
5901,herring,12524,517676,505152
5902,sensual,3097,517643,514546
5903,compute,7332,517595,510263
5904,botanical,18544,517454,498910
5905,polarization,13063,517444,504381
5906,evenly,3047,517434,514387
5907,aft,13253,517424,504171
5908,stipulated,9540,517401,507861
5909,suburban,7608,517349,509741
5910,ups,26144,517298,491154
5911,comet,12435,517217,504782
5912,rally,4564,517094,512530
5913,crucified,1117,517042,515925
5914,nicely,1890,517041,515151
5915,inaccessible,437687,516991,79304
5916,nonlinear,13581,516966,503385
5917,geschichte,439754,516933,77179
5918,trumpets,1182,516822,515640
5919,mihi,188990,516748,327758
5920,mule,136953,516681,379728
5921,disagree,3993,516649,512656
5922,marvel,5811,516646,510835
5923,willis,69354,516562,447208
5924,irritated,890,516491,515601
5925,generalization,8862,516430,507568
5926,inductive,102797,516355,413558
5927,mead,65400,516324,450924
5928,bridegroom,1138,516261,515123
5929,muses,253269,516230,262961
5930,admirers,1261,516179,514918
5931,fading,8492,516047,507555
5932,dundee,24915,515929,491014
5933,baxter,32923,515925,483002
5934,rib,10288,515824,505536
5935,wagon,449255,515820,66565
5936,shocking,4318,515725,511407
5937,alias,253347,515670,262323
5938,jeremy,38726,515618,476892
5939,cavities,6371,515547,509176
5940,pony,4793,515541,510748
5941,diaries,9751,515493,505742
5942,plight,2724,515444,512720
5943,modo,620310,515346,104964
5944,restitution,1224246,515295,708951
5945,alt,92158,515268,423110
5946,f.r.s.,3227,515261,512034
5947,divert,3596,515254,511658
5948,6.5,94851,515233,420382
5949,revelations,476179,514780,38601
5950,weston,29169,514683,485514
5951,cyril,45335,514632,469297
5952,448,269939,514497,244558
5953,sanskrit,53330,514495,461165
5954,scratch,4970,514446,509476
5955,screens,4188,514400,510212
5956,extraordinarily,2161,514396,512235
5957,genial,141933,514260,372327
5958,meek,10284,514173,503889
5959,modulation,239359,514161,274802
5960,fruitless,1453,514074,512621
5961,precept,1885,514058,512173
5962,yang,214134,513998,299864
5963,grieve,9974,513984,504010
5964,summon,1926,513897,511971
5965,graduates,8322,513816,505494
5966,nobler,1265,513803,512538
5967,sturdy,1802,513614,511812
5968,schiller,296737,513487,216750
5969,alley,9304,513471,504167
5970,experimentally,11910,513309,501399
5971,nutrient,12824,513254,500430
5972,lifestyle,3975,513212,509237
5973,endowment,14188,513205,499017
5974,recordings,6313,513179,506866
5975,coercion,7004,512879,505875
5976,rags,2603,512862,510259
5977,tonnage,747776,512840,234936
5978,wherewith,757,512812,512055
5979,bewildered,1020,512761,511741
5980,brittany,7998,512739,504741
5981,pleasantly,588,512737,512149
5982,redeemer,930,512694,511764
5983,textbook,12729,512662,499933
5984,dislocation,248405,512661,264256
5985,testator,8631,512617,503986
5986,thornton,35519,512524,477005
5987,gore,54925,512518,457593
5988,anyhow,2167,512269,510102
5989,forbear,774,511940,511166
5990,papacy,3148,511907,508759
5991,tech,107744,511907,404163
5992,stakes,6855,511875,505020
5993,anthropological,53054,511850,458796
5994,bookseller,3951,511739,507788
5995,mater,209055,511704,302649
5996,consuls,1445276,511689,933587
5997,roller,20889,511620,490731
5998,gloss,18269,511470,493201
5999,mansfield,35697,511429,475732
6000,disciplined,2057,511378,509321
6001,sufficiency,4245,511352,507107
6002,darkened,1239,511297,510058
6003,enactment,6417,511221,504804
6004,slit,4864,510884,506020
6005,thrive,1718,510861,509143
6006,ensures,4973,510841,505868
6007,activists,3833,510761,506928
6008,vulnerability,7349,510641,503292
6009,nobis,384840,510553,125713
6010,highlights,7771,510533,502762
6011,verification,1440331,510449,929882
6012,diaphragm,3251,510370,507119
6013,moulding,2733,510351,507618
6014,sive,341462,510307,168845
6015,prism,6151,510230,504079
6016,southwest,13849,510213,496364
6017,morphological,25616,510206,484590
6018,judas,181529,510194,328665
6019,bucket,3354,510099,506745
6020,ballot,80323,509909,429586
6021,adjusting,4983,509879,504896
6022,merged,3037,509878,506841
6023,louder,2470,509856,507386
6024,steamers,69336,509837,440501
6025,unification,782916,509769,273147
6026,terminals,3329,509741,506412
6027,natured,1172,509655,508483
6028,mussolini,348930,509581,160651
6029,sri,130750,509447,378697
6030,wiltshire,11020,509396,498376
6031,oblivion,3240,509243,506003
6032,disintegration,8044,509196,501152
6033,supportive,2629,509120,506491
6034,acquires,3740,509082,505342
6035,fleets,2190,509052,506862
6036,selections,69536,508918,439382
6037,wed,4574,508740,504166
6038,remnants,4406,508670,504264
6039,alienated,3412,508648,505236
6040,authoritarian,9267,508628,499361
6041,winner,6855,508626,501771
6042,densely,3963,508590,504627
6043,handel,67379,508450,441071
6044,feasts,2464,508447,505983
6045,additionally,4098,508436,504338
6046,muddy,4606,508398,503792
6047,evacuation,1019508,508394,511114
6048,foreseen,4124,508373,504249
6049,ful,13380,508192,494812
6050,gilded,1806,508041,506235
6051,nationalists,3375,508026,504651
6052,tiberius,27305,507960,480655
6053,louisa,29382,507959,478577
6054,renown,3298,507954,504656
6055,465,269920,507924,238004
6056,dung,13689,507895,494206
6057,postal,432007,507767,75760
6058,luggage,2573,507736,505163
6059,nourishment,2056,507665,505609
6060,tunes,11652,507617,495965
6061,exiled,2426,507543,505117
6062,harley,30340,507535,477195
6063,thicker,3203,507377,504174
6064,rectory,855,507212,506357
6065,regained,2631,507143,504512
6066,ducks,2716,507115,504399
6067,cathode,162414,507105,344691
6068,pd,54338,507105,452767
6069,ascension,994968,507083,487885
6070,connective,14794,507058,492264
6071,inactive,112348,506916,394568
6072,rejoined,319,506790,506471
6073,hourly,4949,506765,501816
6074,abandoning,2899,506755,503856
6075,pioneers,8177,506726,498549
6076,sullen,28353,506691,478338
6077,iodide,4004,506594,502590
6078,avarice,347540,506530,158990
6079,intravenous,7253,506404,499151
6080,1775,358838,506400,147562
6081,untouched,2169,506338,504169
6082,s.a.,365216,506209,140993
6083,livingstone,78694,506083,427389
6084,waiter,2798,506078,503280
6085,showers,1988,506070,504082
6086,stanzas,1754,506046,504292
6087,retarded,7617,505791,498174
6088,brace,24445,505768,481323
6089,binds,3850,505711,501861
6090,loops,5823,505699,499876
6091,a.c.,97781,505693,407912
6092,postmodern,7425,505574,498149
6093,behaviours,5666,505497,499831
6094,circa,205714,505385,299671
6095,intentional,6362,505227,498865
6096,larva,10721,505225,494504
6097,personages,4149,505136,500987
6098,warmed,1154,505130,503976
6099,hermit,1980,505093,503113
6100,subscribers,5157,505037,499880
6101,punjab,22397,505021,482624
6102,bony,21142,504991,483849
6103,providers,4016,504827,500811
6104,interfered,2449,504601,502152
6105,reminiscences,164563,504512,339949
6106,1782,313232,504479,191247
6107,sal,148190,504455,356265
6108,epitaph,2003,504454,502451
6109,3.6,128206,504416,376210
6110,harness,2405,504273,501868
6111,popery,2378,504093,501715
6112,commonest,1491,504090,502599
6113,cigarettes,272244,504041,231797
6114,475,287372,503915,216543
6115,bubbles,6374,503736,497362
6116,sexually,4347,503617,499270
6117,mournful,910,503423,502513
6118,tam,433804,503373,69569
6119,criticised,3095,503297,500202
6120,livy,2411,503280,500869
6121,dm,442872,503268,60396
6122,fishery,16591,503258,486667
6123,illegitimate,4783,503220,498437
6124,brightly,913,503076,502163
6125,451,243476,503075,259599
6126,scatter,5222,503068,497846
6127,confusing,3289,503065,499776
6128,burgesses,1242,502983,501741
6129,tub,21594,502979,481385
6130,lain,14676,502936,488260
6131,workmanship,2080,502868,500788
6132,selfishness,1502,502798,501296
6133,ethyl,21862,502793,480931
6134,politeness,2770,502752,499982
6135,attracting,3252,502653,499401
6136,pf,96745,502636,405891
6137,edw,29267,502508,473241
6138,inconsistency,4044,502457,498413
6139,epithelial,63119,502403,439284
6140,beggars,2300,502371,500071
6141,457,258452,502189,243737
6142,glabrous,544,502091,501547
6143,annuity,3037,502047,499010
6144,442,254177,502036,247859
6145,cyrus,168717,501953,333236
6146,livelihood,4004,501922,497918
6147,sellers,29357,501900,472543
6148,sanguine,468271,501887,33616
6149,jay,133262,501862,368600
6150,connects,2817,501856,499039
6151,basins,20503,501853,481350
6152,toast,117502,501830,384328
6153,stables,537688,501791,35897
6154,corollary,4151,501659,497508
6155,stella,117336,501602,384266
6156,bowls,3265,501528,498263
6157,pater,267026,501373,234347
6158,threatens,3334,501346,498012
6159,drastic,5942,501199,495257
6160,drummond,53771,501155,447384
6161,num,123006,501069,378063
6162,schizophrenia,15334,501028,485694
6163,fighters,3428,501000,497572
6164,prosper,217050,500990,283940
6165,multinational,58364,500910,442546
6166,confirming,4792,500871,496079
6167,characteristically,2690,500868,498178
6168,medication,337176,500850,163674
6169,feb,49853,500850,450997
6170,crafts,15835,500837,485002
6171,ordinate,8257,500717,492460
6172,baskets,11832,500675,488843
6173,stalls,1391,500647,499256
6174,groom,19690,500638,480948
6175,constructs,5649,500638,494989
6176,"15,000",152600,500594,347994
6177,popish,1219,500435,499216
6178,captives,63232,500399,437167
6179,owns,3553,500398,496845
6180,clyde,43031,500364,457333
6181,446,262731,500353,237622
6182,quay,19482,500332,480850
6183,understandings,2963,500322,497359
6184,onely,1849,500280,498431
6185,tranquil,7617,500152,492535
6186,trough,8235,500148,491913
6187,applicants,20798,500118,479320
6188,hailed,1375,500097,498722
6189,subscribe,6398,500024,493626
6190,burnet,52275,499987,447712
6191,euripides,6378,499983,493605
6192,nasty,2795,499947,497152
6193,monsters,5013,499852,494839
6194,shrugged,201,499806,499605
6195,symmetric,6980,499804,492824
6196,affective,448815,499692,50877
6197,demise,11363,499575,488212
6198,acoustic,18431,499502,481071
6199,frenchmen,5545,499480,493935
6200,journ,406044,499447,93403
6201,othello,60560,499441,438881
6202,cardinals,1707,499425,497718
6203,aggravated,3038,499235,496197
6204,announcing,2296,499131,496835
6205,grape,17180,499076,481896
6206,hegemony,7347,499015,491668
6207,sting,3682,498896,495214
6208,1770,402712,498881,96169
6209,prentice,49113,498880,449767
6210,missile,78772,498721,419949
6211,barrister,8843,498694,489851
6212,amusements,100236,498515,398279
6213,thickly,981,498502,497521
6214,lava,51582,498186,446604
6215,whitish,1674,498066,496392
6216,formulate,7327,498060,490733
6217,traumatic,12516,497923,485407
6218,deriving,5859,497806,491947
6219,ludwig,216433,497765,281332
6220,plug,13499,497678,484179
6221,recurring,3987,497567,493580
6222,453,262979,497542,234563
6223,pending,11143,497507,486364
6224,screaming,1200,497487,496287
6225,perils,828294,497481,330813
6226,discrepancy,7608,497443,489835
6227,490,268954,497362,228408
6228,chip,15405,497348,481943
6229,grieved,575,497322,496747
6230,vpon,947,497312,496365
6231,glare,2254,497311,495057
6232,griffith,50140,497156,447016
6233,germanic,4700,497054,492354
6234,cruise,18472,497048,478576
6235,gunpowder,3073,497047,493974
6236,colonization,15447,496937,481490
6237,infallible,2457,496921,494464
6238,greenhouse,7950,496811,488861
6239,greenland,11997,496806,484809
6240,forsake,836,496752,495916
6241,fables,502141,496697,5444
6242,emphatic,2309,496619,494310
6243,gaol,2450,496601,494151
6244,charlemagne,831513,496593,334920
6245,indiana,133777,496577,362800
6246,tonic,6758,496470,489712
6247,thorns,1379,496428,495049
6248,adolescence,546328,496295,50033
6249,bullets,1823,496281,494458
6250,humidity,12155,496253,484098
6251,ulcer,7100,496078,488978
6252,deceit,2285,496056,493771
6253,chestnut,4697,496038,491341
6254,kay,58475,496012,437537
6255,realist,5577,495901,490324
6256,aquinas,13484,495833,482349
6257,manpower,20070,495828,475758
6258,calamities,1400,495802,494402
6259,inc,426963,495738,68775
6260,dwells,1705,495675,493970
6261,township,30032,495672,465640
6262,kindled,754,495603,494849
6263,knocking,1382,495580,494198
6264,commercially,4153,495528,491375
6265,stripes,4591,495423,490832
6266,emitted,6216,495417,489201
6267,spun,2088,495340,493252
6268,turbine,297282,495294,198012
6269,wins,10505,495196,484691
6270,aesthetics,19616,495094,475478
6271,hmso,12297,495087,482790
6272,platonic,6196,494988,488792
6273,passport,5850,494978,489128
6274,inns,7668,494950,487282
6275,sticking,2147,494930,492783
6276,sells,4453,494882,490429
6277,remission,227454,494628,267174
6278,hindered,2794,494488,491694
6279,murders,2845,494460,491615
6280,deduce,7772,494450,486678
6281,fowls,2094,494408,492314
6282,permeability,12522,494331,481809
6283,horizontally,2980,494200,491220
6284,lifts,2750,493923,491173
6285,scored,1852,493904,492052
6286,thoracic,8247,493827,485580
6287,pumping,10720,493770,483050
6288,procedural,52262,493676,441414
6289,monmouth,33940,493539,459599
6290,tokens,4687,493486,488799
6291,methinks,731,493477,492746
6292,lobby,65296,493406,428110
6293,deutsche,514600,493404,21196
6294,tibet,146106,493300,347194
6295,1784,355863,493248,137385
6296,stair,17974,493237,475263
6297,gardening,4849,493233,488384
6298,iso,181059,493183,312124
6299,dalton,62880,493060,430180
6300,accents,447684,492963,45279
6301,skirts,1199,492852,491653
6302,wreath,1297,492729,491432
6303,fictitious,3914,492698,488784
6304,humanitarian,15373,492608,477235
6305,submerged,5918,492552,486634
6306,methuen,42055,492506,450451
6307,boer,48433,492484,444051
6308,percentages,8025,492480,484455
6309,marion,295272,492428,197156
6310,vogue,653539,492413,161126
6311,complied,4736,492403,487667
6312,gratify,725,492382,491657
6313,shirley,29105,492342,463237
6314,sceptre,394406,492300,97894
6315,singly,20133,492238,472105
6316,reins,710750,492176,218574
6317,hardships,1954,492012,490058
6318,sw,100910,491916,391006
6319,hydroxide,5576,491912,486336
6320,magnus,125083,491904,366821
6321,laurel,15407,491815,476408
6322,twofold,4519,491752,487233
6323,garland,20613,491701,471088
6324,pharaoh,1338,491640,490302
6325,bolts,3150,491549,488399
6326,brink,17349,491539,474190
6327,armoured,1964,491440,489476
6328,catheter,62719,491433,428714
6329,scribe,204006,491340,287334
6330,persuasive,89837,491128,401291
6331,shortened,3317,491009,487692
6332,phoenix,25571,490890,465319
6333,licences,354547,490795,136248
6334,bs,65420,490752,425332
6335,admiring,989,490701,489712
6336,stigma,17738,490683,472945
6337,fugitive,153011,490675,337664
6338,til,174232,490641,316409
6339,necessaries,2016,490584,488568
6340,merger,14180,490529,476349
6341,leone,253791,490503,236712
6342,heiress,608,490426,489818
6343,realizing,3752,490425,486673
6344,rhymes,3106,490343,487237
6345,bursts,2618,490343,487725
6346,gems,3582,490339,486757
6347,sowing,4304,490300,485996
6348,boulder,41971,490264,448293
6349,expence,1370,490145,488775
6350,blazing,1315,490096,488781
6351,originate,6196,490010,483814
6352,tortured,1686,489851,488165
6353,outputs,21902,489823,467921
6354,discursive,190545,489820,299275
6355,reminder,3157,489816,486659
6356,psychologist,12247,489797,477550
6357,inherit,2742,489760,487018
6358,tendon,267452,489745,222293
6359,1.8,164501,489719,325218
6360,turin,1075182,489709,585473
6361,veterinary,32318,489646,457328
6362,xxxii,247326,489626,242300
6363,disregarded,3539,489416,485877
6364,graphs,9740,489382,479642
6365,gorge,1196770,489236,707534
6366,procuring,2463,489218,486755
6367,venezuela,455743,489198,33455
6368,grasping,3619,489173,485554
6369,reformer,689948,489063,200885
6370,adsorption,138777,489052,350275
6371,imparted,1650,488915,487265
6372,instantaneous,5912,488895,482983
6373,lanceolate,544,488887,488343
6374,urea,7397,488863,481466
6375,osborne,35455,488787,453332
6376,watery,1514,488696,487182
6377,watered,1557,488610,487053
6378,dart,16209,488590,472381
6379,unlucky,706,488535,487829
6380,covert,5273,488507,483234
6381,co2,169063,488474,319411
6382,woody,21683,488421,466738
6383,fragmentation,220375,488392,268017
6384,duel,566871,488380,78491
6385,sixpence,824,488352,487528
6386,vigilance,718311,488328,229983
6387,barrett,30097,488243,458146
6388,contaminated,6408,488202,481794
6389,inspiring,2453,488126,485673
6390,tribunals,14343,488094,473751
6391,understandable,4508,487995,483487
6392,erotic,4789,487993,483204
6393,dragging,1215,487914,486699
6394,habitually,2175,487863,485688
6395,objectivity,7511,487848,480337
6396,scream,2416,487829,485413
6397,homosexual,4884,487680,482796
6398,pendulum,7113,487490,480377
6399,worthwhile,4149,487463,483314
6400,steer,4078,487371,483293
6401,ecstasy,10126,487241,477115
6402,totality,6555,487179,480624
6403,replication,49761,487027,437266
6404,marco,253096,486965,233869
6405,midsummer,3255,486965,483710
6406,tropics,10079,486879,476800
6407,inhibited,5319,486799,481480
6408,papists,949,486778,485829
6409,fetched,1211,486747,485536
6410,godwin,50725,486743,436018
6411,swine,13502,486706,473204
6412,apprenticeship,7310,486665,479355
6413,obtuse,71231,486482,415251
6414,antagonism,4888,486467,481579
6415,fife,10089,486432,476343
6416,anomalies,640877,486431,154446
6417,fuch,1192,486393,485201
6418,wade,94252,486387,392135
6419,sparks,11463,486368,474905
6420,porous,14156,486292,472136
6421,spacing,9501,486029,476528
6422,459,234958,486014,251056
6423,decayed,1684,485930,484246
6424,pinch,4689,485902,481213
6425,craftsmen,4767,485795,481028
6426,dramatist,2315,485776,483461
6427,1750,361807,485646,123839
6428,bom,29769,485585,455816
6429,handy,8428,485575,477147
6430,parry,46831,485553,438722
6431,rearing,8664,485552,476888
6432,overlook,3313,485536,482223
6433,redistribution,350776,485535,134759
6434,stuttgart,372543,485462,112919
6435,cobalt,270250,485298,215048
6436,ngos,5871,485106,479235
6437,cancelled,4931,485089,480158
6438,necks,2549,485085,482536
6439,denoting,4585,485069,480484
6440,translating,7631,485038,477407
6441,lowe,69670,484963,415293
6442,rust,27149,484940,457791
6443,exhaustive,289439,484892,195453
6444,gertrude,116778,484820,368042
6445,deficits,313381,484742,171361
6446,misunderstood,3048,484643,481595
6447,saturn,8191,484496,476305
6448,featured,2651,484494,481843
6449,elliot,65284,484478,419194
6450,handicapped,10804,484452,473648
6451,puritans,2303,484405,482102
6452,sie,1030916,484380,546536
6453,sepulchre,17384,484343,466959
6454,456,257657,484304,226647
6455,implicated,3109,484290,481181
6456,recession,260210,484289,224079
6457,scriptural,20832,484241,463409
6458,thinker,4208,484239,480031
6459,slips,8793,484133,475340
6460,archive,121777,484058,362281
6461,prov,135180,484007,348827
6462,operas,194102,483919,289817
6463,pudding,17713,483875,466162
6464,analysts,4694,483857,479163
6465,haunt,1410,483826,482416
6466,claws,1468,483812,482344
6467,discharges,7111,483768,476657
6468,congestion,374359,483729,109370
6469,soviets,366275,483227,116952
6470,jun,54295,483210,428915
6471,chaste,204755,483144,278389
6472,bulls,6755,483139,476384
6473,evolving,9235,483046,473811
6474,hop,108932,482980,374048
6475,insofar,9281,482973,473692
6476,lexical,151626,482964,331338
6477,pituitary,12763,482935,470172
6478,boyd,44920,482775,437855
6479,abscess,3757,482766,479009
6480,dazzling,1468,482758,481290
6481,eine,1457492,482695,974797
6482,matilda,5340,482679,477339
6483,ng,96735,482629,385894
6484,pad,16158,482583,466425
6485,thefe,576,482576,482000
6486,acquaintances,1378,482536,481158
6487,shadowy,1647,482512,480865
6488,furnishes,2514,482494,479980
6489,cultured,7402,482442,475040
6490,fitz,77086,482381,405295
6491,perfume,2945,482238,479293
6492,dt,421561,482171,60610
6493,excretion,198050,482139,284089
6494,enrolled,2834,482137,479303
6495,diffraction,196141,482136,285995
6496,bravely,707,482118,481411
6497,todd,54764,482091,427327
6498,traded,5240,482048,476808
6499,comedies,345176,481882,136706
6500,madison,93699,481829,388130
6501,thanksgiving,3410,481792,478382
6502,email,374160,481775,107615
6503,accomplishments,2883,481631,478748
6504,neglecting,3307,481589,478282
6505,2.7,136759,481569,344810
6506,artificially,4673,481482,476809
6507,gower,22382,481480,459098
6508,completeness,4058,481419,477361
6509,opus,279061,481404,202343
6510,idiom,4985,481373,476388
6511,decimal,83576,481267,397691
6512,campus,156055,481132,325077
6513,fostered,2812,481129,478317
6514,nazis,347926,481127,133201
6515,repairing,2899,481044,478145
6516,accommodated,2050,480895,478845
6517,weakly,5475,480862,475387
6518,southey,16964,480812,463848
6519,520,310685,480797,170112
6520,lex,323799,480786,156987
6521,syracuse,151151,480779,329628
6522,spurious,3760,480741,476981
6523,452,245270,480670,235400
6524,illuminating,4800,480542,475742
6525,gaseous,6625,480382,473757
6526,dee,119129,480364,361235
6527,openness,5499,480336,474837
6528,prelate,892,480335,479443
6529,determinations,716942,480281,236661
6530,protectorate,15040,480093,465053
6531,stalks,1636,480071,478435
6532,kicked,987,480067,479080
6533,ubi,256504,479995,223491
6534,initials,2782,479834,477052
6535,enclosing,2841,479803,476962
6536,excuses,444261,479794,35533
6537,inspect,10018,479693,469675
6538,inducing,5960,479644,473684
6539,tyrants,1674,479632,477958
6540,courageous,2433,479579,477146
6541,aortic,6173,479567,473394
6542,8.2,74926,479553,404627
6543,beak,2261,479492,477231
6544,nutritional,13621,479302,465681
6545,modulus,7279,479181,471902
6546,deus,387996,479080,91084
6547,mediator,7866,479068,471202
6548,rogue,32949,479056,446107
6549,tibi,173902,479022,305120
6550,rigidity,6770,479011,472241
6551,ll.d.,2889,479004,476115
6552,antagonist,3018,479000,475982
6553,happiest,1042,478966,477924
6554,ankle,5240,478963,473723
6555,relational,7836,478872,471036
6556,berries,3024,478818,475794
6557,cords,6211,478770,472559
6558,oswald,120296,478654,358358
6559,forbade,1222,478584,477362
6560,queries,5951,478522,472571
6561,medals,3211,478479,475268
6562,malone,20393,478478,458085
6563,benson,36267,478254,441987
6564,mil,1333915,478226,855689
6565,balcony,1553,478076,476523
6566,costumes,573166,478070,95096
6567,inert,5297,478065,472768
6568,sara,224628,477959,253331
6569,overcoming,5212,477839,472627
6570,pores,341225,477823,136598
6571,unilateral,170227,477811,307584
6572,securely,1598,477781,476183
6573,assyrian,4997,477737,472740
6574,650,414463,477687,63224
6575,sequential,9894,477671,467777
6576,keepers,3903,477648,473745
6577,fervent,217456,477608,260152
6578,traps,9893,477601,467708
6579,vero,457777,477525,19748
6580,s.w.,27300,477490,450190
6581,recited,2124,477455,475331
6582,heinrich,208823,477452,268629
6583,magdalen,6012,477429,471417
6584,reap,9505,477418,467913
6585,cornell,85470,477416,391946
6586,alludes,1429,477404,475975
6587,lambs,4127,477325,473198
6588,surveying,5524,477182,471658
6589,correspondents,3589,477158,473569
6590,recommends,5063,477140,472077
6591,dell,258377,477107,218730
6592,pelvic,7100,477092,469992
6593,cuttings,5836,477049,471213
6594,curtis,65005,477041,412036
6595,eyebrows,885,476992,476107
6596,454,244762,476937,232175
6597,wren,14716,476920,462204
6598,inspectors,7294,476823,469529
6599,imputed,1883,476712,474829
6600,standardized,7456,476709,469253
6601,colombia,62060,476705,414645
6602,ricardo,250771,476669,225898
6603,inhibit,4442,476593,472151
6604,smoked,2486,476537,474051
6605,"6,000",263225,476522,213297
6606,fuit,737946,476514,261432
6607,mythical,5844,476483,470639
6608,reasoned,2796,476475,473679
6609,brands,6802,476471,469669
6610,tempt,5215,476471,471256
6611,mend,4354,476463,472109
6612,conveys,2790,476335,473545
6613,458,254098,476299,222201
6614,drilling,13019,476205,463186
6615,spp,56814,476154,419340
6616,kinsman,1974,476149,474175
6617,parasite,567064,476099,90965
6618,03,437918,476065,38147
6619,moslem,8809,476025,467216
6620,einstein,264904,475985,211081
6621,pelvis,19419,475980,456561
6622,austrians,1386,475972,474586
6623,withered,1034,475969,474935
6624,lessen,5440,475959,470519
6625,pronouns,9648,475955,466307
6626,vapours,2229,475917,473688
6627,eucharist,2970,475895,472925
6628,nightmare,4004,475893,471889
6629,bail,1412376,475764,936612
6630,lavish,1345,475707,474362
6631,auspices,533441,475681,57760
6632,tacit,19806,475649,455843
6633,profusion,374801,475615,100814
6634,saloon,7348,475601,468253
6635,fairest,1057,475587,474530
6636,"200,000",196764,475573,278809
6637,pedigree,22143,475497,453354
6638,discerned,2251,475313,473062
6639,molly,21036,475242,454206
6640,vendor,3935,475212,471277
6641,spectroscopy,19577,475087,455510
6642,berwick,67776,475057,407281
6643,entropy,8840,475043,466203
6644,watering,3469,475019,471550
6645,forwarded,6465,474984,468519
6646,designate,7507,474966,467459
6647,nod,9677,474848,465171
6648,napier,41731,474838,433107
6649,wolsey,27629,474825,447196
6650,ruthless,1734,474787,473053
6651,arrogance,196430,474758,278328
6652,disinterested,1960,474743,472783
6653,brigadier,253014,474582,221568
6654,veiled,2143,474492,472349
6655,imp,464693,474461,9768
6656,haemorrhage,1767,474397,472630
6657,servitude,1264403,474320,790083
6658,pharmaceutical,14170,474180,460010
6659,beech,10384,474120,463736
6660,negatively,4675,474060,469385
6661,abolish,3847,473992,470145
6662,malt,117310,473983,356673
6663,lynn,32338,473937,441599
6664,advertised,1645,473893,472248
6665,greedy,1633,473890,472257
6666,6.4,86542,473869,387327
6667,clinging,1200,473767,472567
6668,antibiotics,8831,473730,464899
6669,removes,2487,473594,471107
6670,passionately,1152,473553,472401
6671,buff,10204,473529,463325
6672,enjoined,1154,473465,472311
6673,quicker,2100,473432,471332
6674,northeast,11850,473398,461548
6675,fallacy,6275,473343,467068
6676,severed,2318,473296,470978
6677,proton,70744,473274,402530
6678,interchange,8979,473169,464190
6679,insensible,625637,473097,152540
6680,mandatory,8930,473016,464086
6681,daisy,21703,473000,451297
6682,suspense,65499,472949,407450
6683,congenial,5828,472943,467115
6684,transferring,3689,472859,469170
6685,suo,497416,472835,24581
6686,fascinated,2358,472744,470386
6687,chang,137493,472687,335194
6688,glancing,765,472639,471874
6689,communicative,95189,472610,377421
6690,noises,8506,472589,464083
6691,strenuous,1885,472550,470665
6692,dilated,2093,472544,470451
6693,mysticism,7886,472535,464649
6694,freeze,10048,472466,462418
6695,mechanically,4484,472451,467967
6696,convict,9217,472341,463124
6697,ridden,1716,472328,470612
6698,targeted,4867,472308,467441
6699,hits,6307,472270,465963
6700,wel,71318,472251,400933
6701,mart,63953,472223,408270
6702,slides,6283,472215,465932
6703,"1,500",216551,472186,255635
6704,gamma,148779,472143,323364
6705,divergent,166770,472120,305350
6706,supervisor,4623,472007,467384
6707,scruple,756,471924,471168
6708,chromatography,13892,471779,457887
6709,impersonal,4978,471732,466754
6710,kuwait,15321,471731,456410
6711,louvre,1073111,471616,601495
6712,kt,124908,471599,346691
6713,incubation,341812,471555,129743
6714,harding,40984,471522,430538
6715,recipients,293296,471393,178097
6716,softer,1465,471345,469880
6717,amplifier,107649,471335,363686
6718,derbyshire,15941,471312,455371
6719,shirts,15576,471297,455721
6720,inflict,1547,471171,469624
6721,emptied,1461,471080,469619
6722,strabo,7778,471029,463251
6723,precedes,336984,471021,134037
6724,probation,75416,470994,395578
6725,gentile,70108,470972,400864
6726,perplexed,1349,470891,469542
6727,therewith,3612,470823,467211
6728,griffin,41393,470775,429382
6729,predictable,3710,470733,467023
6730,engl,36111,470730,434619
6731,midlands,18305,470680,452375
6732,recess,2948,470496,467548
6733,starved,2049,470479,468430
6734,noel,1260045,470293,789752
6735,starving,1888,470270,468382
6736,fashions,2380,470245,467865
6737,shameful,1401,470208,468807
6738,1688,223603,470171,246568
6739,royalist,1637,470154,468517
6740,benches,1875,470046,468171
6741,satellites,622792,469868,152924
6742,nan,160547,469795,309248
6743,digestive,140765,469772,329007
6744,463,278752,469765,191013
6745,1778,383348,469752,86404
6746,colorado,126663,469738,343075
6747,barbarian,2468,469736,467268
6748,puerto,133350,469723,336373
6749,bonus,73504,469704,396200
6750,flap,10032,469582,459550
6751,impedance,105576,469577,364001
6752,beijing,36744,469532,432788
6753,maryland,105395,469490,364095
6754,haunts,1136,469273,468137
6755,e'en,1046,469257,468211
6756,ideologies,450008,469255,19247
6757,fluorescence,154643,469255,314612
6758,husbandry,7451,469222,461771
6759,dictate,2394,469215,466821
6760,stephens,33552,469167,435615
6761,bur,62143,469052,406909
6762,ratings,5687,469037,463350
6763,freshly,2605,468992,466387
6764,boilers,3651,468871,465220
6765,metrical,3631,468855,465224
6766,unrelated,4864,468851,463987
6767,excel,60521,468814,408293
6768,celebrity,1328,468757,467429
6769,delegate,15592,468711,453119
6770,huxley,99143,468669,369526
6771,wisest,991,468660,467669
6772,roma,474060,468637,5423
6773,aloft,1224,468624,467400
6774,pathos,76653,468578,391925
6775,congregations,517617,468545,49072
6776,nhs,8873,468539,459666
6777,sculptures,559463,468539,90924
6778,equivalence,511154,468497,42657
6779,periodically,4862,468402,463540
6780,precursor,8277,468314,460037
6781,sonne,603835,468189,135646
6782,mod,143600,468161,324561
6783,badge,14129,468096,453967
6784,501,238384,468039,229655
6785,plaintiffs,8673,468037,459364
6786,durst,3294,468024,464730
6787,catalogues,437533,468009,30476
6788,7.3,81077,467996,386919
6789,correcting,4293,467991,463698
6790,laity,8169,467966,459797
6791,mcgraw,40348,467924,427576
6792,induces,8107,467857,459750
6793,rehearsal,2181,467843,465662
6794,meagre,1906,467694,465788
6795,inefficient,6170,467681,461511
6796,fronts,359861,467645,107784
6797,staffordshire,16391,467605,451214
6798,forge,747552,467604,279948
6799,comprehended,1628,467602,465974
6800,kegan,47472,467597,420125
6801,downe,1914,467575,465661
6802,shady,1752,467561,465809
6803,chips,15388,467523,452135
6804,rebecca,60352,467498,407146
6805,chickens,4871,467458,462587
6806,decency,2354,467360,465006
6807,rocket,12388,467299,454911
6808,pisa,68288,467294,399006
6809,penis,204319,467287,262968
6810,461,227187,467245,240058
6811,unduly,2871,467243,464372
6812,amend,21532,467215,445683
6813,observatory,29381,467196,437815
6814,beaches,6385,467189,460804
6815,bona,200872,467149,266277
6816,transference,7509,467126,459617
6817,wipe,1542,467060,465518
6818,0.6,140948,467005,326057
6819,eliminating,5994,467004,461010
6820,lowly,1106,466995,465889
6821,advocacy,6766,466857,460091
6822,endogenous,15504,466806,451302
6823,genome,91095,466793,375698
6824,bang,107632,466692,359060
6825,dissolving,2434,466546,464112
6826,464,249779,466522,216743
6827,aggregation,31020,466487,435467
6828,adduced,3346,466457,463111
6829,dyed,1603,466444,464841
6830,yacht,89806,466348,376542
6831,ul,173443,466236,292793
6832,seville,400934,466197,65263
6833,adventurers,3898,466190,462292
6834,redeem,1621,466062,464441
6835,epilepsy,8297,466055,457758
6836,nutrients,7901,466029,458128
6837,impurities,8437,466022,457585
6838,mir,256737,465973,209236
6839,appliances,5408,465927,460519
6840,lydia,43810,465925,422115
6841,mobilization,13144,465923,452779
6842,welding,11353,465899,454546
6843,schematic,10367,465845,455478
6844,adorn,1204,465800,464596
6845,1.7,166553,465782,299229
6846,coli,156965,465752,308787
6847,compilation,228157,465751,237594
6848,electro,750973,465729,285244
6849,accompanies,2451,465578,463127
6850,modernization,18366,465570,447204
6851,whichever,2597,465567,462970
6852,withdrawing,2196,465462,463266
6853,hogarth,40743,465319,424576
6854,abyss,3862,465205,461343
6855,485,245000,465190,220190
6856,invariant,87590,465176,377586
6857,rides,240978,465159,224181
6858,certified,12251,465152,452901
6859,xxxiii,228324,465147,236823
6860,missiles,231876,465104,233228
6861,sketched,3072,465043,461971
6862,irradiation,307630,464941,157311
6863,frigate,1273,464936,463663
6864,fictional,6021,464843,458822
6865,faust,282377,464643,182266
6866,convulsions,573497,464621,108876
6867,conway,40680,464604,423924
6868,noticing,1465,464365,462900
6869,terrific,675,464137,463462
6870,leaflets,2142,464089,461947
6871,complains,3030,464063,461033
6872,recruiting,7223,464026,456803
6873,e'er,838,463972,463134
6874,sustainability,9168,463873,454705
6875,flashing,1725,463847,462122
6876,abiding,1860,463798,461938
6877,oscillations,751949,463795,288154
6878,hepatitis,12264,463704,451440
6879,easiest,1787,463694,461907
6880,arundel,25098,463610,438512
6881,topography,13118,463577,450459
6882,tenderly,568,463461,462893
6883,homely,1050,463438,462388
6884,colonialism,17475,463427,445952
6885,char,741240,463405,277835
6886,neil,37801,463232,425431
6887,farce,232828,463198,230370
6888,nomenclature,806163,463150,343013
6889,consultants,140398,463079,322681
6890,suitably,2779,463001,460222
6891,lyrics,3686,462962,459276
6892,drifted,1134,462951,461817
6893,shortcomings,4637,462828,458191
6894,drunkenness,1916,462802,460886
6895,fervour,883,462789,461906
6896,tier,64199,462765,398566
6897,pigeons,281552,462708,181156
6898,gaunt,4216,462628,458412
6899,inhibitors,6823,462626,455803
6900,knelt,393,462603,462210
6901,animation,672310,462580,209730
6902,goodman,49965,462429,412464
6903,antigens,8428,462363,453935
6904,9.1,71048,462297,391249
6905,jeffrey,40104,462293,422189
6906,ejus,447820,462131,14311
6907,psyche,216071,462096,246025
6908,scandalous,1386,462091,460705
6909,exiles,353621,462076,108455
6910,graft,12742,462045,449303
6911,biochemistry,17058,462029,444971
6912,perverse,119688,461853,342165
6913,girdle,1547,461852,460305
6914,slabs,6014,461787,455773
6915,refraction,492582,461777,30805
6916,instinctively,1038,461730,460692
6917,recruit,3753,461694,457941
6918,influx,124222,461627,337405
6919,tions,709756,461539,248217
6920,preferring,1830,461461,459631
6921,keenly,1317,461445,460128
6922,departing,2446,461409,458963
6923,populous,1643,461383,459740
6924,redundant,3656,461355,457699
6925,forsaken,1052,461308,460256
6926,dyes,4140,461265,457125
6927,artisans,1404904,461181,943723
6928,plundered,1200,461169,459969
6929,berg,294681,461096,166415
6930,schism,3955,461051,457096
6931,fathoms,5744,461016,455272
6932,masterpiece,2883,460983,458100
6933,evolve,5818,460959,455141
6934,propagated,3077,460938,457861
6935,0.05,74804,460870,386066
6936,heidegger,536543,460868,75675
6937,fc,176194,460789,284595
6938,ma'am,504,460591,460087
6939,calcareous,10266,460391,450125
6940,analyze,10275,460373,450098
6941,pox,22921,460369,437448
6942,tolerant,120704,460369,339665
6943,interfering,3404,460328,456924
6944,kettle,4258,460289,456031
6945,exploded,1679,460275,458596
6946,rugby,84479,460268,375789
6947,ratified,13285,460195,446910
6948,holden,28452,460160,431708
6949,467,235392,460149,224757
6950,trinidad,91349,460110,368761
6951,surname,4643,460014,455371
6952,logs,10263,460012,449749
6953,houghton,34101,459978,425877
6954,discs,3351,459882,456531
6955,mama,34996,459836,424840
6956,brows,1112,459823,458711
6957,elliott,50722,459804,409082
6958,departmental,6158,459505,453347
6959,0.00,139185,459480,320295
6960,abstracts,82813,459473,376660
6961,flattered,592,459410,458818
6962,mecca,3926,459374,455448
6963,aftermath,6109,459214,453105
6964,eva,153621,459201,305580
6965,sponge,4495,459078,454583
6966,niche,274626,459071,184445
6967,acquitted,1646,458978,457332
6968,emerson,74655,458914,384259
6969,ord,301615,458913,157298
6970,prostrate,1341,458908,457567
6971,lionel,236589,458760,222171
6972,equivalents,532174,458700,73474
6973,1774,337410,458679,121269
6974,refreshing,1157,458598,457441
6975,performer,6142,458465,452323
6976,insolence,280291,458366,178075
6977,dilution,290348,458324,167976
6978,brownish,2124,458283,456159
6979,prostitution,473191,458153,15038
6980,sinai,172129,458066,285937
6981,syn,142649,458034,315385
6982,shewing,2072,458026,455954
6983,proverbs,6856,457882,451026
6984,hark,2059,457820,455761
6985,linda,55909,457738,401829
6986,perfected,3130,457716,454586
6987,spirituality,5572,457710,452138
6988,angrily,427,457702,457275
6989,canto,69368,457695,388327
6990,labeled,5354,457682,452328
6991,assoc,91028,457636,366608
6992,drains,79887,457449,377562
6993,ceramic,18268,457437,439169
6994,rhythms,6882,457425,450543
6995,spines,4092,457398,453306
6996,randolph,30580,457380,426800
6997,outsiders,22872,457301,434429
6998,statistically,7622,457275,449653
6999,magnetism,7886,457259,449373
7000,sunrise,4184,457242,453058
7001,merton,50860,457240,406380
7002,skinner,49744,457074,407330
7003,slim,20671,457019,436348
7004,snatched,539,456985,456446
7005,inherently,3149,456968,453819
7006,tenets,2167,456905,454738
7007,1785,357411,456817,99406
7008,div,112206,456808,344602
7009,hatch,10703,456670,445967
7010,sewing,3137,456557,453420
7011,palatine,184871,456526,271655
7012,immoral,135973,456321,320348
7013,vertex,42518,456320,413802
7014,knit,2265,456306,454041
7015,repressed,2804,456286,453482
7016,brisk,1626,456264,454638
7017,accessory,6412,456232,449820
7018,parking,95837,456161,360324
7019,essentials,5882,456125,450243
7020,offshore,55500,456113,400613
7021,boughs,930,456002,455072
7022,maximal,185550,455969,270419
7023,nixon,147854,455880,308026
7024,arduous,1809,455877,454068
7025,medicinal,30616,455865,425249
7026,marines,658595,455807,202788
7027,backgrounds,4924,455626,450702
7028,weakening,4223,455408,451185
7029,rebuilding,4203,455378,451175
7030,perusal,1632,455322,453690
7031,apparel,3328,455278,451950
7032,euro,520692,455259,65433
7033,resides,5547,455256,449709
7034,cic,98508,455190,356682
7035,slipping,1720,455112,453392
7036,vacancy,7633,455109,447476
7037,cardiovascular,9319,455103,445784
7038,baroque,383517,455047,71530
7039,cracking,26854,455037,428183
7040,armistice,883037,454924,428113
7041,np,110086,454884,344798
7042,antimony,2456,454880,452424
7043,469,223282,454815,231533
7044,pavilion,4721,454794,450073
7045,iraqi,5180,454704,449524
7046,follies,3275,454662,451387
7047,squeezed,1551,454661,453110
7048,christie,52733,454636,401903
7049,conspirators,753,454458,453705
7050,conducive,3599,454289,450690
7051,flowered,778,454220,453442
7052,inwards,1563,454071,452508
7053,leonardo,76033,454067,378034
7054,5-6,146543,454041,307498
7055,fats,19593,453990,434397
7056,eliza,17423,453947,436524
7057,atkinson,40845,453927,413082
7058,dept.,2350,453920,451570
7059,4.6,103767,453912,350145
7060,jerry,38719,453811,415092
7061,ills,4346,453630,449284
7062,yr,28395,453627,425232
7063,477,235086,453589,218503
7064,pietro,231405,453550,222145
7065,ponds,19677,453520,433843
7066,italics,3821,453515,449694
7067,paradoxical,6847,453507,446660
7068,biting,2048,453467,451419
7069,voiced,3685,453456,449771
7070,recognising,2698,453390,450692
7071,mps,24660,453375,428715
7072,fortitude,4237,453361,449124
7073,pluck,1538,453349,451811
7074,pines,10959,453272,442313
7075,dionysius,13047,453257,440210
7076,montague,30027,453232,423205
7077,avon,40721,453081,412360
7078,containers,54003,453067,399064
7079,paints,3654,452962,449308
7080,quota,118437,452930,334493
7081,corinthians,1390,452885,451495
7082,orphan,3108,452753,449645
7083,freshness,1753,452534,450781
7084,collaborative,14424,452515,438091
7085,js,67606,452449,384843
7086,510,264807,452441,187634
7087,newport,43376,452368,408992
7088,cavendish,40250,452338,412088
7089,unhappily,1114,452310,451196
7090,bearers,2640,452280,449640
7091,prosecuted,2724,452277,449553
7092,enhancement,9514,452240,442726
7093,dispensed,1681,452231,450550
7094,geese,2670,452227,449557
7095,scholastic,6985,452218,445233
7096,snapped,457,452207,451750
7097,weighty,1369,452138,450769
7098,waits,2046,452056,450010
7099,allude,3960,452040,448080
7100,gem,21231,452024,430793
7101,determinant,1168121,452017,716104
7102,withheld,2066,451945,449879
7103,derrida,173316,451918,278602
7104,arguably,1931,451879,449948
7105,eur,279985,451874,171889
7106,carbohydrate,7589,451574,443985
7107,sich,1408536,451533,957003
7108,convocation,826461,451517,374944
7109,rhythmic,4730,451506,446776
7110,diarrhoea,2066,451446,449380
7111,quibus,362029,451403,89374
7112,discharging,3343,451370,448027
7113,colossal,142201,451369,309168
7114,462,230180,451359,221179
7115,apr,98677,451326,352649
7116,hammond,37911,451253,413342
7117,lp,92908,451250,358342
7118,chastity,1514,451111,449597
7119,adelaide,177391,451094,273703
7120,deductions,365395,450989,85594
7121,ginger,7109,450961,443852
7122,ire,552629,450830,101799
7123,livery,1705,450812,449107
7124,societal,49808,450805,400997
7125,lambeth,15725,450793,435068
7126,monograph,30419,450784,420365
7127,ld,182438,450760,268322
7128,vindication,5920,450742,444822
7129,regency,4210,450656,446446
7130,granular,8650,450635,441985
7131,slack,8132,450627,442495
7132,conservatism,6561,450498,443937
7133,litre,1203931,450478,753453
7134,sweetly,661,450438,449777
7135,cling,4146,450403,446257
7136,emphasise,2870,450366,447496
7137,bolingbroke,50306,450198,399892
7138,jars,26664,450129,423465
7139,476,236622,450074,213452
7140,hound,3623,450068,446445
7141,raleigh,29924,450062,420138
7142,1940s,2454,449984,447530
7143,responds,5986,449871,443885
7144,castile,1840,449864,448024
7145,embark,2945,449862,446917
7146,unskilled,6433,449631,443198
7147,stag,7841,449551,441710
7148,"12,000",166683,449524,282841
7149,hush,1797,449481,447684
7150,gentleness,821,449446,448625
7151,requesting,4878,449331,444453
7152,defy,1753,449220,447467
7153,subset,3851,449183,445332
7154,unnoticed,2237,449158,446921
7155,tate,98817,449132,350315
7156,halfway,1970,449077,447107
7157,daddy,5748,449065,443317
7158,monotonous,1778,449049,447271
7159,auld,3968,449045,445077
7160,phantom,9524,449020,439496
7161,peptide,21995,449008,427013
7162,contemplating,1776,448999,447223
7163,sui,548990,448979,100011
7164,tact,447117,448967,1850
7165,breton,1065397,448947,616450
7166,anaemia,3499,448891,445392
7167,emigrants,378350,448870,70520
7168,embodiment,3656,448847,445191
7169,maidens,1081,448827,447746
7170,reeds,30761,448804,418043
7171,fisherman,2686,448635,445949
7172,2.8,126826,448511,321685
7173,stillness,1059,448437,447378
7174,tithe,4064,448386,444322
7175,sylvia,64180,448348,384168
7176,olympic,11592,448306,436714
7177,gan,47598,448269,400671
7178,trucks,19811,448224,428413
7179,semitic,7144,448183,441039
7180,473,229155,448136,218981
7181,blinded,1707,448073,446366
7182,discreet,2224,448052,445828
7183,grenville,60903,448029,387126
7184,ij,233386,447853,214467
7185,highlanders,13577,447793,434216
7186,banners,1127,447689,446562
7187,bicycle,7565,447653,440088
7188,juncture,2643,447607,444964
7189,ghastly,999,447572,446573
7190,sf,75205,447534,372329
7191,georg,234615,447464,212849
7192,computational,13236,447411,434175
7193,stokes,71701,447357,375656
7194,468,238291,447149,208858
7195,exponential,7390,447144,439754
7196,granules,297052,447081,150029
7197,counsellors,1629,447058,445429
7198,cones,332597,447020,114423
7199,incomprehensible,383954,447011,63057
7200,piazza,75272,446999,371727
7201,orlando,68664,446967,378303
7202,0.8,134445,446953,312508
7203,tracking,9429,446925,437496
7204,540,279586,446822,167236
7205,signor,91893,446812,354919
7206,incur,3826,446785,442959
7207,jason,78129,446772,368643
7208,granville,178943,446757,267814
7209,centered,11338,446719,435381
7210,doubling,4509,446639,442130
7211,justinian,6930,446625,439695
7212,garcia,347939,446622,98683
7213,grievance,3068,446491,443423
7214,thackeray,23910,446434,422524
7215,dancer,7012,446320,439308
7216,forlorn,995,446291,445296
7217,torque,14989,446178,431189
7218,spartan,2918,446156,443238
7219,466,228349,446131,217782
7220,shal,3143,446074,442931
7221,figs.,12693,446015,433322
7222,manors,1194,446001,444807
7223,fabulous,2538,445915,443377
7224,frantic,1111,445817,444706
7225,possessor,13213,445711,432498
7226,charmed,965,445672,444707
7227,1786,364873,445591,80718
7228,salutary,1524,445588,444064
7229,sch,89034,445526,356492
7230,tile,27499,445397,417898
7231,cupboard,985,445382,444397
7232,serviceable,1215,445368,444153
7233,dice,91943,445363,353420
7234,ls,196462,445330,248868
7235,deployed,2288,445233,442945
7236,505,238174,445212,207038
7237,outright,2509,445203,442694
7238,ludicrous,1184,445112,443928
7239,harbours,5234,445057,439823
7240,matthews,35970,444887,408917
7241,contiguous,3988,444855,440867
7242,reigning,1448,444853,443405
7243,falsely,1534,444775,443241
7244,1760,347341,444753,97412
7245,weavers,2950,444716,441766
7246,quartet,10768,444443,433675
7247,finnish,13736,444379,430643
7248,cruz,268419,444316,175897
7249,inaccurate,2689,444301,441612
7250,generously,2070,444299,442229
7251,chased,1248,444279,443031
7252,shrill,727,444267,443540
7253,streaming,3642,444223,440581
7254,syphilis,711413,444216,267197
7255,concord,19997,444047,424050
7256,dementia,12159,443994,431835
7257,495,223094,443971,220877
7258,clans,868768,443970,424798
7259,schedules,7925,443969,436044
7260,visionary,3296,443942,440646
7261,dar,311228,443903,132675
7262,donors,7019,443840,436821
7263,textbooks,6122,443793,437671
7264,fleshy,807,443722,442915
7265,hellenistic,10273,443532,433259
7266,insulted,871,443519,442648
7267,palpable,163491,443501,280010
7268,dictator,5399,443459,438060
7269,investing,5201,443450,438249
7270,tenements,11117,443444,432327
7271,spinoza,604008,443413,160595
7272,nth,2868,443384,440516
7273,downstream,8366,443353,434987
7274,ger,174799,443251,268452
7275,bruno,601452,443158,158294
7276,repaid,2164,443057,440893
7277,lucius,104367,442999,338632
7278,budgets,868771,442976,425795
7279,presidents,1193002,442973,750029
7280,tab,204365,442826,238461
7281,flanks,1630,442643,441013
7282,burials,4354,442631,438277
7283,deo,300655,442589,141934
7284,insolent,149882,442479,292597
7285,jewellery,2086,442475,440389
7286,belts,12909,442464,429555
7287,charities,5698,442423,436725
7288,averse,98938,442407,343469
7289,forefathers,1678,442282,440604
7290,est.,5906,442248,436342
7291,heav'n,2008,442162,440154
7292,centralized,5818,442134,436316
7293,asunder,1011,442027,441016
7294,forbidding,2018,442006,439988
7295,cutter,23825,441955,418130
7296,blankets,1562,441893,440331
7297,roe,31384,441889,410505
7298,warranted,3180,441860,438680
7299,groan,884,441820,440936
7300,dysfunction,6949,441691,434742
7301,chords,1821,441645,439824
7302,diameters,4547,441483,436936
7303,lam,127031,441432,314401
7304,wisconsin,108251,441344,333093
7305,annex,28661,441312,412651
7306,fri,22857,441284,418427
7307,peg,13321,441174,427853
7308,ordeal,3932,441154,437222
7309,insulation,9504,441050,431546
7310,anaesthesia,5840,441048,435208
7311,slid,1002,441031,440029
7312,wakefield,21556,440972,419416
7313,veterans,204011,440968,236957
7314,rented,2501,440953,438452
7315,tempo,287825,440932,153107
7316,aloof,1296,440883,439587
7317,candid,4293,440847,436554
7318,reacted,4177,440760,436583
7319,hello,32285,440706,408421
7320,chartered,15827,440679,424852
7321,cheat,1924,440620,438696
7322,orifice,1036057,440588,595469
7323,cloister,2119,440558,438439
7324,utilitarian,3744,440428,436684
7325,laughs,1320,440410,439090
7326,roast,3165,440394,437229
7327,maud,48767,440355,391588
7328,donkey,2722,440344,437622
7329,wheeler,42757,440337,397580
7330,479,235643,440316,204673
7331,vanquished,1086,440276,439190
7332,glazed,2920,440062,437142
7333,branching,4148,440034,435886
7334,update,20513,439927,419414
7335,ooo,979642,439902,539740
7336,lyrical,3924,439868,435944
7337,loom,4033,439836,435803
7338,positioned,3095,439718,436623
7339,compartments,3565,439650,436085
7340,levelled,1630,439558,437928
7341,signatures,580922,439483,141439
7342,averaged,5895,439454,433559
7343,swearing,884,439452,438568
7344,avoids,3598,439410,435812
7345,priestly,2209,439390,437181
7346,yu,117950,439364,321414
7347,galilee,549464,439363,110101
7348,disordered,3770,439350,435580
7349,favourites,466,439339,438873
7350,evaporated,3339,439304,435965
7351,declines,11896,439092,427196
7352,reagan,158609,439015,280406
7353,adore,389958,439005,49047
7354,spit,9949,438984,429035
7355,slay,916,438916,438000
7356,472,241469,438865,197396
7357,rectum,368986,438863,69877
7358,eyre,24985,438836,413851
7359,slices,3445,438811,435366
7360,ukraine,391200,438757,47557
7361,cain,143755,438744,294989
7362,bonn,483962,438705,45257
7363,displeased,670,438642,437972
7364,foresight,4914,438593,433679
7365,onions,2311,438517,436206
7366,clergymen,8851,438499,429648
7367,drafted,4694,438451,433757
7368,oceans,260900,438437,177537
7369,psychoanalytic,20636,438435,417799
7370,muster,15553,438397,422844
7371,atp,68564,438353,369789
7372,thirties,4924,438338,433414
7373,suspend,264778,438313,173535
7374,minnesota,82219,438200,355981
7375,cushion,1786,438192,436406
7376,henrietta,6183,438186,432003
7377,dl,224177,438182,214005
7378,nihil,256006,438121,182115
7379,scaling,8652,438083,429431
7380,hayes,65526,438080,372554
7381,planners,7013,438039,431026
7382,barium,29463,438023,408560
7383,481,230253,437875,207622
7384,undergraduate,5968,437859,431891
7385,georgian,5228,437810,432582
7386,ail,875210,437796,437414
7387,ryan,57551,437729,380178
7388,abbreviations,7776,437657,429881
7389,participle,5165,437626,432461
7390,scar,7036,437604,430568
7391,pebbles,5763,437518,431755
7392,spurs,1646,437510,435864
7393,origen,42000,437470,395470
7394,anode,127170,437414,310244
7395,affirms,2642,437105,434463
7396,accountable,3110,437019,433909
7397,noblemen,1747,436968,435221
7398,pans,547978,436810,111168
7399,mini,205402,436732,231330
7400,satin,197900,436643,238743
7401,geol,314033,436625,122592
7402,friendships,2104,436617,434513
7403,repertoire,1153219,436590,716629
7404,oxon,5632,436455,430823
7405,masculinity,4293,436403,432110
7406,excludes,4446,436344,431898
7407,assailed,593,436239,435646
7408,reagent,4012,436229,432217
7409,clasped,458,436169,435711
7410,coleman,54281,436111,381830
7411,poole,21196,436023,414827
7412,poly,90669,435971,345302
7413,sibi,309951,435962,126011
7414,promoter,3956,435943,431987
7415,baden,191505,435928,244423
7416,parchment,2058,435912,433854
7417,1777,343127,435848,92721
7418,sancho,125552,435752,310200
7419,wrecked,2812,435728,432916
7420,inspected,2416,435707,433291
7421,fanciful,1276,435671,434395
7422,emotionally,1980,435531,433551
7423,sixties,12145,435431,423286
7424,dramas,6157,435426,429269
7425,banishment,1075,435396,434321
7426,antarctic,13351,435393,422042
7427,pens,28199,435388,407189
7428,terraces,7437,435282,427845
7429,enforcing,4240,435279,431039
7430,pepys,13603,435244,421641
7431,aw,37044,435223,398179
7432,connecticut,92475,435138,342663
7433,whispering,1246,435104,433858
7434,markings,2925,435091,432166
7435,rowe,22698,435084,412386
7436,thickened,2201,434986,432785
7437,manoeuvre,123328,434895,311567
7438,eqn,1030,434879,433849
7439,brougham,40265,434846,394581
7440,mesopotamia,6199,434824,428625
7441,483,232742,434795,202053
7442,polly,12044,434758,422714
7443,halves,2621,434697,432076
7444,battered,1764,434693,432929
7445,magnified,1421,434676,433255
7446,scroll,3308,434673,431365
7447,continents,487514,434644,52870
7448,choral,53586,434618,381032
7449,quaker,35512,434561,399049
7450,effecting,2930,434506,431576
7451,vietnamese,7679,434423,426744
7452,gary,92763,434341,341578
7453,britannia,24037,434216,410179
7454,rebuke,570,434181,433611
7455,cupid,1641,434111,432470
7456,fantasies,5186,434093,428907
7457,bailiff,2093,434038,431945
7458,analogies,625861,434033,191828
7459,wu,55181,433867,378686
7460,fondness,805,433859,433054
7461,maitland,35789,433762,397973
7462,augusta,100603,433761,333158
7463,seaman,5624,433658,428034
7464,watchful,1041,433582,432541
7465,concerted,4222,433534,429312
7466,microscopy,22816,433534,410718
7467,refreshment,980,433533,432553
7468,pear,6829,433524,426695
7469,universality,5753,433506,427753
7470,incapacity,4509,433450,428941
7471,goodbye,3010,433448,430438
7472,pyramids,2935,433429,430494
7473,corresponded,3770,433414,429644
7474,anthology,12307,433319,421012
7475,fortresses,2193,433287,431094
7476,executing,7250,433094,425844
7477,restraints,4698,433084,428386
7478,ida,137507,433013,295506
7479,dishonour,826,432948,432122
7480,undergoes,3544,432924,429380
7481,molar,8864,432890,424026
7482,proprietary,4815,432853,428038
7483,testified,2369,432775,430406
7484,follower,2984,432757,429773
7485,sonata,6945,432726,425781
7486,ingredient,45553,432702,387149
7487,ditches,1531,432697,431166
7488,concurrent,325365,432650,107285
7489,uncertainties,5895,432605,426710
7490,bombardment,4449,432563,428114
7491,ipse,237221,432513,195292
7492,terminating,3047,432439,429392
7493,471,244290,432219,187929
7494,coined,2638,432202,429564
7495,forcible,2152,432196,430044
7496,weird,2167,432129,429962
7497,rectangle,337072,432084,95012
7498,grange,438940,432010,6930
7499,rapture,1458,432007,430549
7500,rag,18921,431926,413005
7501,diction,198869,431923,233054
7502,cn,318816,431897,113081
7503,icy,334704,431881,97177
7504,tributary,2746,431853,429107
7505,7.4,70892,431782,360890
7506,scenarios,234727,431764,197037
7507,tartar,4900,431759,426859
7508,parity,7884,431654,423770
7509,dogmatic,3163,431583,428420
7510,hostess,849,431578,430729
7511,attends,184851,431536,246685
7512,funnel,2485,431519,429034
7513,grin,14706,431476,416770
7514,inconsiderable,1239,431415,430176
7515,violate,4314,431399,427085
7516,overthrown,1174,431350,430176
7517,heinemann,41932,431345,389413
7518,narrowed,2122,431252,429130
7519,peroxide,36555,431191,394636
7520,cloths,2331,431167,428836
7521,contests,2398,431154,428756
7522,pest,59729,431102,371373
7523,lymphocytes,143755,431094,287339
7524,libya,13603,431028,417425
7525,consciences,609286,430967,178319
7526,transplantation,156121,430939,274818
7527,fungus,12065,430937,418872
7528,errand,2566,430893,428327
7529,preoccupied,2598,430827,428229
7530,1640,197306,430823,233517
7531,hor,59934,430793,370859
7532,ht,423354,430774,7420
7533,protocols,7809,430726,422917
7534,embarrassing,1423,430662,429239
7535,toby,17665,430659,412994
7536,greed,3450,430572,427122
7537,heroism,2072,430567,428495
7538,armament,3379,430489,427110
7539,hal,71252,430475,359223
7540,nathan,222092,430470,208378
7541,reliefs,598598,430457,168141
7542,disgusted,731,430409,429678
7543,obtainable,3457,430382,426925
7544,waller,48238,430253,382015
7545,arrears,3080,430072,426992
7546,confederate,2245,430070,427825
7547,dun,133309,430067,296758
7548,causality,10099,430016,419917
7549,eusebius,6745,429970,423225
7550,objectionable,2107,429943,427836
7551,enchanted,2065,429911,427846
7552,trespass,4742,429824,425082
7553,sheds,7209,429792,422583
7554,clown,68205,429772,361567
7555,monitored,4318,429747,425429
7556,murderers,1179,429733,428554
7557,denomination,1308552,429733,878819
7558,configurations,229352,429610,200258
7559,primacy,6072,429331,423259
7560,cigar,2476,429258,426782
7561,awaken,1602,429141,427539
7562,granada,41321,429126,387805
7563,tag,67414,429120,361706
7564,sion,632072,429114,202958
7565,subdivided,4117,429010,424893
7566,populated,5201,429006,423805
7567,doctrinal,188771,428957,240186
7568,whan,1307,428928,427621
7569,487,230341,428897,198556
7570,474,228138,428884,200746
7571,antenna,7953,428880,420927
7572,succour,740,428825,428085
7573,neutron,58832,428704,369872
7574,foresee,3324,428649,425325
7575,1781,345658,428645,82987
7576,traitors,1232,428623,427391
7577,weimar,302322,428544,126222
7578,estuary,8786,428516,419730
7579,filtration,260737,428502,167765
7580,ezra,34233,428459,394226
7581,soaked,1408,428458,427050
7582,mustard,3534,428424,424890
7583,turtle,6149,428399,422250
7584,distributing,4094,428369,424275
7585,candour,1152,428353,427201
7586,acquisitions,702767,428331,274436
7587,thucydides,3275,428252,424977
7588,mammalian,12309,428235,415926
7589,graciously,1145,428174,427029
7590,deformed,6862,428120,421258
7591,missouri,127712,428042,300330
7592,cue,13561,428018,414457
7593,romania,85078,427795,342717
7594,wilful,3030,427759,424729
7595,migrant,106161,427677,321516
7596,530,258037,427638,169601
7597,wary,2572,427586,425014
7598,tipped,967,427538,426571
7599,solvents,4419,427531,423112
7600,diagnosed,4159,427525,423366
7601,administering,3739,427480,423741
7602,hydrocarbons,8708,427461,418753
7603,improves,5318,427382,422064
7604,visibly,1534,427258,425724
7605,subscriptions,17785,427245,409460
7606,yahweh,14543,427213,412670
7607,adopts,3953,427161,423208
7608,ii.,53817,427125,373308
7609,uphold,2902,427117,424215
7610,newfoundland,17373,427112,409739
7611,futures,801907,427076,374831
7612,dialectical,7202,427074,419872
7613,neque,239860,427070,187210
7614,trio,154582,426979,272397
7615,nausea,2849,426835,423986
7616,jubilee,8442,426813,418371
7617,flooded,3153,426805,423652
7618,amiss,730,426801,426071
7619,harbor,37702,426786,389084
7620,contrivance,1171,426713,425542
7621,glue,5442,426700,421258
7622,mercies,493,426558,426065
7623,superstitions,331789,426555,94766
7624,jus,1331527,426448,905079
7625,glances,772,426432,425660
7626,canoes,8225,426428,418203
7627,furnishing,3274,426396,423122
7628,highways,6862,426384,419522
7629,allegorical,3146,426372,423226
7630,distressing,1045,426272,425227
7631,aligned,4560,426176,421616
7632,spire,256518,426085,169567
7633,curled,994,425996,425002
7634,assuring,3244,425959,422715
7635,ordinates,2023,425956,423933
7636,promotes,3322,425905,422583
7637,478,221400,425838,204438
7638,necrosis,8936,425820,416884
7639,lingered,568,425796,425228
7640,listeners,2949,425787,422838
7641,partnerships,8488,425776,417288
7642,telex,241150,425679,184529
7643,hospitable,1091,425579,424488
7644,misled,1717,425433,423716
7645,484,235776,425424,189648
7646,diligently,851,425285,424434
7647,vn,538131,425278,112853
7648,cleanliness,2654,425185,422531
7649,jelly,4373,425152,420779
7650,ape,36341,425141,388800
7651,bends,2443,425134,422691
7652,auckland,34744,425130,390386
7653,ungrateful,735,425029,424294
7654,immature,32099,424948,392849
7655,endangered,5145,424915,419770
7656,frivolous,1370,424905,423535
7657,ki,266128,424859,158731
7658,rudimentary,3284,424814,421530
7659,mockery,1380,424803,423423
7660,samson,166679,424745,258066
7661,davy,160165,424733,264568
7662,ministries,5967,424666,418699
7663,ostensibly,2052,424650,422598
7664,reforming,10815,424543,413728
7665,polynomial,5524,424536,419012
7666,wardrobe,1072,424500,423428
7667,frown,665,424476,423811
7668,rigour,2196,424434,422238
7669,invading,2204,424374,422170
7670,hartley,38839,424282,385443
7671,relic,1537,424227,422690
7672,catches,4353,424166,419813
7673,veto,382061,424156,42095
7674,astray,2692,424144,421452
7675,mortification,151753,424141,272388
7676,champions,231440,424101,192661
7677,diminishes,3027,424027,421000
7678,plotting,3430,424009,420579
7679,deformity,4181,423987,419806
7680,armenia,9406,423914,414508
7681,interposed,855,423897,423042
7682,wording,7484,423881,416397
7683,obliging,1327,423806,422479
7684,internationally,6487,423732,417245
7685,inferiority,2699,423693,420994
7686,aldermen,14840,423672,408832
7687,503,219563,423596,204033
7688,bk,28172,423596,395424
7689,forfeit,1510,423584,422074
7690,gallon,51899,423562,371663
7691,1-5,63317,423470,360153
7692,pharisees,854,423450,422596
7693,aires,944308,423382,520926
7694,pari,820095,423375,396720
7695,mahomet,513525,423373,90152
7696,verona,25522,423283,397761
7697,reptiles,326887,423231,96344
7698,beacon,16967,423040,406073
7699,retrospective,262791,423017,160226
7700,bog,14292,422891,408599
7701,subdue,942,422890,421948
7702,hose,10416,422885,412469
7703,fragmentary,4665,422810,418145
7704,interdependence,8905,422779,413874
7705,abd,408137,422720,14583
7706,beth,41653,422707,381054
7707,needing,1790,422707,420917
7708,enhancing,6241,422681,416440
7709,gu,55007,422670,367663
7710,conquering,2011,422663,420652
7711,intervened,2282,422607,420325
7712,ruby,28023,422582,394559
7713,archipelago,11971,422556,410585
7714,488,224821,422437,197616
7715,harmondsworth,19347,422314,402967
7716,determinate,8981,422238,413257
7717,transcript,7553,422215,414662
7718,soothing,813,422144,421331
7719,specialization,10305,422125,411820
7720,sqq,162129,422124,259995
7721,cleansing,2897,422120,419223
7722,poses,1102906,422116,680790
7723,urges,3294,422085,418791
7724,surge,16097,421978,405881
7725,grossly,2120,421978,419858
7726,arouse,2546,421944,419398
7727,cranmer,17430,421942,404512
7728,parisian,10355,421873,411518
7729,isolate,7284,421825,414541
7730,cruelly,735,421823,421088
7731,latitudes,283773,421779,138006
7732,squeeze,4680,421762,417082
7733,confederacy,2278,421757,419479
7734,senseless,1374,421716,420342
7735,reconstructed,5579,421587,416008
7736,brightest,1202,421532,420330
7737,486,223648,421516,197868
7738,executor,4352,421474,417122
7739,competitiveness,12613,421467,408854
7740,facilitating,6532,421454,414922
7741,seminar,44491,421353,376862
7742,04,370847,421295,50448
7743,algebraic,6517,421267,414750
7744,anglia,17453,421261,403808
7745,8.3,68144,421250,353106
7746,jn,134485,421228,286743
7747,ada,60725,421210,360485
7748,equatorial,129867,421182,291315
7749,hannibal,53994,421168,367174
7750,shun,5986,421151,415165
7751,3.7,111270,421120,309850
7752,nobly,686,421056,420370
7753,fairfax,25733,421020,395287
7754,appointing,2569,420857,418288
7755,worshippers,1080,420851,419771
7756,concealment,1535,420812,419277
7757,defeats,1152,420778,419626
7758,retrospect,6815,420752,413937
7759,lotus,143076,420747,277671
7760,summers,16947,420714,403767
7761,obligatory,6940,420680,413740
7762,peterborough,16490,420666,404176
7763,butterflies,1944,420644,418700
7764,persists,3326,420637,417311
7765,progressed,3006,420620,417614
7766,becker,217865,420609,202744
7767,vacation,61968,420598,358630
7768,proportionate,3463,420575,417112
7769,regal,67785,420497,352712
7770,satirical,2347,420482,418135
7771,chloroform,4378,420465,416087
7772,meters,17869,420460,402591
7773,tabernacle,140831,420418,279587
7774,prosecutor,9694,420298,410604
7775,wc,34432,420199,385767
7776,bei,1093480,420179,673301
7777,ascertaining,3522,420079,416557
7778,loaf,1808,420078,418270
7779,walsh,52555,420061,367506
7780,15s,8666,420027,411361
7781,amorphous,10407,420003,409596
7782,wig,4387,419993,415606
7783,battlefield,2626,419834,417208
7784,werner,253767,419764,165997
7785,widened,2606,419706,417100
7786,usher,19633,419705,400072
7787,cutaneous,7878,419699,411821
7788,489,219025,419550,200525
7789,patriots,3243,419529,416286
7790,inconceivable,2030,419495,417465
7791,confound,909,419467,418558
7792,dum,179387,419426,240039
7793,downfall,2178,419419,417241
7794,o'connor,40673,419406,378733
7795,greenwood,30951,419399,388448
7796,loue,822651,419373,403278
7797,imposes,603605,419342,184263
7798,abstain,2558,419336,416778
7799,zion,12797,419263,406466
7800,narration,602092,419233,182859
7801,neptune,181867,419230,237363
7802,ruinous,969,419209,418240
7803,uppermost,3143,419178,416035
7804,plaza,61815,419157,357342
7805,killer,11756,419139,407383
7806,ferns,2438,419094,416656
7807,trustworthy,1571,419062,417491
7808,ontological,7855,419046,411191
7809,dusky,2199,418964,416765
7810,refining,10558,418956,408398
7811,fiat,176556,418932,242376
7812,ominous,1212,418814,417602
7813,babylonian,6169,418771,412602
7814,ao,433947,418735,15212
7815,breeches,1023,418679,417656
7816,semantics,30807,418677,387870
7817,gait,6240,418665,412425
7818,arrogant,64326,418653,354327
7819,galileo,31507,418637,387130
7820,persona,166935,418626,251691
7821,euphrates,4088,418588,414500
7822,positioning,6364,418567,412203
7823,trojan,7154,418482,411328
7824,relieving,2151,418465,416314
7825,swamp,6838,418406,411568
7826,endowments,2940,418307,415367
7827,leakage,4449,418285,413836
7828,tm,129062,418275,289213
7829,dissection,226329,418265,191936
7830,dragoons,1109,418218,417109
7831,privatization,9509,418121,408612
7832,sued,7815,418088,410273
7833,ethic,11623,417993,406370
7834,presupposes,158301,417931,259630
7835,justifiable,59903,417815,357912
7836,embryonic,10096,417810,407714
7837,eats,3045,417787,414742
7838,humor,18364,417757,399393
7839,twisting,1424,417714,416290
7840,citing,3106,417669,414563
7841,distinguishable,2861,417651,414790
7842,auditors,3786,417612,413826
7843,processor,5845,417579,411734
7844,correspondingly,3263,417560,414297
7845,wentworth,15302,417407,402105
7846,decease,1396,417309,415913
7847,faraday,124309,417308,292999
7848,paine,82855,417285,334430
7849,surrounds,2259,417113,414854
7850,diving,4669,417041,412372
7851,sensibly,1190,416983,415793
7852,thighs,1055,416976,415921
7853,hae,14976,416835,401859
7854,conf,207387,416819,209432
7855,benefactor,2617,416758,414141
7856,diversified,5975,416757,410782
7857,odyssey,4973,416745,411772
7858,hardening,6145,416583,410438
7859,darius,152646,416557,263911
7860,harrow,12405,416525,404120
7861,dipped,1169,416501,415332
7862,invites,920428,416382,504046
7863,clinically,4349,416379,412030
7864,banned,2582,416354,413772
7865,steed,7721,416301,408580
7866,idiot,199110,416183,217073
7867,releasing,7346,415992,408646
7868,fried,31532,415919,384387
7869,coincided,2986,415869,412883
7870,wearied,492,415825,415333
7871,discourage,2401,415812,413411
7872,normans,10097,415802,405705
7873,scruples,753,415759,415006
7874,lessened,1780,415710,413930
7875,bizarre,813166,415645,397521
7876,482,216283,415616,199333
7877,deputation,757549,415367,342182
7878,sleeps,1827,415338,413511
7879,transcendent,26504,415296,388792
7880,prop,151945,415287,263342
7881,turbulence,161588,415201,253613
7882,luis,380725,415188,34463
7883,entreat,494,415188,414694
7884,cortes,378663,415177,36514
7885,clover,6780,415151,408371
7886,evangelist,2053,415110,413057
7887,pea,28232,415075,386843
7888,minutely,1090,415007,413917
7889,wilkins,36032,414915,378883
7890,spike,9747,414861,405114
7891,cloudy,2352,414774,412422
7892,spells,2495,414728,412233
7893,temp,76415,414721,338306
7894,whosoever,731,414675,413944
7895,hurrying,528,414659,414131
7896,winters,9401,414461,405060
7897,woes,1174,414425,413251
7898,vt,108635,414381,305746
7899,expanse,10599,414289,403690
7900,dive,31353,414270,382917
7901,s.e.,103050,414180,311130
7902,organising,4719,414178,409459
7903,ds,369157,414170,45013
7904,partiality,1194,414114,412920
7905,anomaly,7507,413999,406492
7906,marseilles,7754,413970,406216
7907,525,251894,413944,162050
7908,aliens,15042,413932,398890
7909,mb,114718,413903,299185
7910,dissenting,7239,413867,406628
7911,causa,777441,413856,363585
7912,demosthenes,42517,413818,371301
7913,logos,251980,413798,161818
7914,arbitrarily,4312,413761,409449
7915,neighbors,5808,413693,407885
7916,audible,42594,413688,371094
7917,cabbage,2873,413682,410809
7918,lombard,274491,413680,139189
7919,stitch,976,413666,412690
7920,mastered,2070,413647,411577
7921,tapestry,2964,413634,410670
7922,gloria,153832,413615,259783
7923,ku,88109,413559,325450
7924,viking,38318,413491,375173
7925,databases,4472,413479,409007
7926,dora,102969,413412,310443
7927,incoming,4103,413390,409287
7928,fairs,6843,413344,406501
7929,impure,101255,413325,312070
7930,chemists,6109,413324,407215
7931,slumber,853,413297,412444
7932,leaping,1045,413238,412193
7933,inquiring,1845,413135,411290
7934,cancel,9352,413016,403664
7935,comforted,326,412930,412604
7936,wharf,34967,412906,377939
7937,courtier,185273,412884,227611
7938,appended,3540,412869,409329
7939,reminding,1830,412834,411004
7940,admirer,891943,412811,479132
7941,averages,5375,412799,407424
7942,domesday,7913,412788,404875
7943,glossy,2012,412775,410763
7944,babe,8393,412649,404256
7945,syntactic,20323,412633,392310
7946,salad,2138,412611,410473
7947,pervasive,4099,412535,408436
7948,malady,1992,412532,410540
7949,"25,000",133552,412479,278927
7950,antithesis,2551,412378,409827
7951,violations,236337,412362,176025
7952,560,271899,412346,140447
7953,n.d.,72027,412334,340307
7954,democracies,10382,412326,401944
7955,philo,93578,412288,318710
7956,serbia,8716,412281,403565
7957,xxxiv,237948,412275,174327
7958,movable,5234,412269,407035
7959,fairies,1736,412176,410440
7960,montrose,17014,412163,395149
7961,atrial,4873,412155,407282
7962,grease,4794,412136,407342
7963,irregularly,2947,412064,409117
7964,apprentices,3624,411991,408367
7965,sparrow,9045,411959,402914
7966,eyelids,1505,411943,410438
7967,sheriffs,12973,411894,398921
7968,11.1,75137,411892,336755
7969,2a,145837,411802,265965
7970,molten,4836,411781,406945
7971,0.01,73084,411676,338592
7972,aorta,6826,411617,404791
7973,prolific,3362,411591,408229
7974,intentionally,4459,411580,407121
7975,conjectures,460101,411555,48546
7976,courier,105025,411464,306439
7977,calibration,27079,411441,384362
7978,sweetest,777,411416,410639
7979,dio,143406,411413,268007
7980,perchance,768,411394,410626
7981,headlong,1179,411380,410201
7982,05,485931,411353,74578
7983,academics,2509,411351,408842
7984,tow,9764,411326,401562
7985,uniquely,3466,411281,407815
7986,suffix,4333,411263,406930
7987,acknowledgement,4185,411237,407052
7988,9.2,64392,411177,346785
7989,impoverished,2246,411161,408915
7990,attentions,199138,410933,211795
7991,encamped,478,410922,410444
7992,barge,42809,410866,368057
7993,agamemnon,93518,410844,317326
7994,norris,33950,410840,376890
7995,pictured,1828,410837,409009
7996,partridge,9601,410831,401230
7997,insure,5695,410754,405059
7998,oscillation,385349,410710,25361
7999,cameras,92727,410698,317971
8000,hutton,36169,410679,374510
8001,modifying,6338,410577,404239
8002,optional,6710,410567,403857
8003,broker,10201,410555,400354
8004,amelia,20997,410497,389500
8005,begotten,744,410492,409748
8006,5.6,87379,410433,323054
8007,dominican,8574,410428,401854
8008,julie,427245,410415,16830
8009,feminists,2510,410387,407877
8010,attaching,2772,410352,407580
8011,platforms,5518,410224,404706
8012,atrophy,4835,410222,405387
8013,lilies,2226,410198,407972
8014,kitty,18037,410165,392128
8015,psycho,424492,410155,14337
8016,scandinavia,7244,410010,402766
8017,504,220558,409991,189433
8018,499,228798,409956,181158
8019,cheers,2026,409917,407891
8020,crab,9134,409813,400679
8021,reversible,162740,409703,246963
8022,weariness,661,409607,408946
8023,coordinated,6966,409585,402619
8024,kernel,8301,409573,401272
8025,adventurous,1339,409465,408126
8026,tanzania,24725,409450,384725
8027,rudolf,160894,409408,248514
8028,1773,277259,409382,132123
8029,talented,2153,409337,407184
8030,onion,3603,409272,405669
8031,trimmed,1318,409206,407888
8032,operatives,12679,409145,396466
8033,dissimilar,2702,409125,406423
8034,chromium,7091,409125,402034
8035,queensland,57525,409082,351557
8036,gd,38616,408987,370371
8037,obstinacy,749,408980,408231
8038,baseline,4665,408896,404231
8039,airlines,52669,408892,356223
8040,suburb,4085,408873,404788
8041,originals,5516,408863,403347
8042,cherish,1241,408858,407617
8043,affinities,6693,408840,402147
8044,elm,11178,408584,397406
8045,impelled,1179,408565,407386
8046,conjugate,3630,408561,404931
8047,plurality,5202,408546,403344
8048,enclose,30618,408542,377924
8049,insecurity,5888,408539,402651
8050,prescribe,4941,408537,403596
8051,homeland,10250,408507,398257
8052,infarction,6958,408498,401540
8053,bordering,4039,408495,404456
8054,502,217158,408494,191336
8055,topical,7394,408489,401095
8056,earthquakes,7985,408452,400467
8057,bearded,1525,408411,406886
8058,dielectric,10238,408401,398163
8059,contemptible,1702,408371,406669
8060,gleaming,817,408326,407509
8061,profitability,7760,408294,400534
8062,bordered,2310,408277,405967
8063,woolf,65094,408275,343181
8064,adaptations,274108,408268,134160
8065,foreword,15091,408232,393141
8066,habitats,148332,408166,259834
8067,groupings,4918,408141,403223
8068,warburton,15766,408084,392318
8069,crucifixion,75930,408059,332129
8070,consonants,10582,408044,397462
8071,provider,5551,408038,402487
8072,evidenced,7016,408005,400989
8073,493,202868,407950,205082
8074,1772,306272,407871,101599
8075,azure,22647,407750,385103
8076,parcels,5418,407717,402299
8077,mates,30192,407687,377495
8078,dares,54587,407626,353039
8079,councillor,2799,407622,404823
8080,sweets,2033,407517,405484
8081,boers,122114,407506,285392
8082,cheering,417,407504,407087
8083,ethanol,70357,407389,337032
8084,intriguing,2532,407297,404765
8085,nc,200580,407291,206711
8086,cynical,1628,407210,405582
8087,contours,814656,407131,407525
8088,grams,5551,407130,401579
8089,modernism,8729,407128,398399
8090,theologian,2776,406983,404207
8091,abounds,1073,406909,405836
8092,sane,61648,406863,345215
8093,booty,1267,406830,405563
8094,unjustly,1224,406816,405592
8095,indus,184383,406762,222379
8096,concentric,4290,406727,402437
8097,3-5,67585,406656,339071
8098,gratifying,1656,406641,404985
8099,heen,14063,406637,392574
8100,cur,69232,406569,337337
8101,acquaint,2447,406501,404054
8102,unintelligible,1292,406380,405088
8103,marlowe,23644,406320,382676
8104,athletic,5083,406290,401207
8105,lawson,43015,406098,363083
8106,elias,152556,406014,253458
8107,reversion,85283,405979,320696
8108,deter,61715,405964,344249
8109,bead,2767,405897,403130
8110,rupees,3090,405891,402801
8111,497,213290,405856,192566
8112,fuels,20581,405827,385246
8113,intimated,1140,405804,404664
8114,frogs,3476,405767,402291
8115,brewer,18600,405671,387071
8116,10.1,60995,405619,344624
8117,optimization,12068,405599,393531
8118,lutheran,4455,405525,401070
8119,incessantly,976,405520,404544
8120,carey,51598,405480,353882
8121,507,236018,405467,169449
8122,wt,28920,405419,376499
8123,gallantry,663,405411,404748
8124,policing,13306,405383,392077
8125,chaotic,5094,405383,400289
8126,centrally,4262,405328,401066
8127,rowland,27476,405299,377823
8128,tenement,22859,405276,382417
8129,pal,400557,405186,4629
8130,reactionary,3075,405147,402072
8131,kew,35518,405133,369615
8132,oars,1288,405122,403834
8133,wh,23558,405070,381512
8134,flashes,19912,405069,385157
8135,classify,5540,405062,399522
8136,distraction,414361,405037,9324
8137,kansas,78322,405014,326692
8138,carpets,1789,404986,403197
8139,courtly,2670,404941,402271
8140,imperialist,3840,404880,401040
8141,ozone,234638,404876,170238
8142,sagacity,640,404869,404229
8143,soever,971,404836,403865
8144,depletion,29569,404711,375142
8145,weir,21994,404552,382558
8146,anomalous,6255,404503,398248
8147,ephesus,1469,404462,402993
8148,renounced,1924,404413,402489
8149,holocaust,16285,404410,388125
8150,freshwater,14627,404376,389749
8151,dosage,776054,404364,371690
8152,ester,150135,404234,254099
8153,ov,62473,404218,341745
8154,confided,1008,404200,403192
8155,dissipation,168755,404160,235405
8156,snowy,2390,404152,401762
8157,m2,506007,404100,101907
8158,artefacts,59002,404042,345040
8159,packaging,11661,404024,392363
8160,rigidly,2006,403978,401972
8161,shaftesbury,49321,403942,354621
8162,ducts,5076,403940,398864
8163,consternation,194353,403868,209515
8164,antiquarian,5697,403843,398146
8165,vaginal,93777,403820,310043
8166,biographies,254988,403794,148806
8167,uninterrupted,2576,403731,401155
8168,pluralism,13828,403580,389752
8169,scaffold,1049,403505,402456
8170,clamour,1352,403471,402119
8171,bridle,868,403419,402551
8172,civility,1628,403360,401732
8173,compromised,2096,403314,401218
8174,moulds,2958,403212,400254
8175,lends,3258,403179,399921
8176,malaya,11368,403159,391791
8177,coincides,5104,403092,397988
8178,hysterical,2226,403072,400846
8179,erskine,32283,403060,370777
8180,educate,3216,403045,399829
8181,screamed,451,402994,402543
8182,avert,3531,402994,399463
8183,employments,1167,402974,401807
8184,housekeeper,824,402928,402104
8185,ur,447612,402923,44689
8186,entertainments,1543,402919,401376
8187,necessitated,3082,402903,399821
8188,upstream,7441,402876,395435
8189,dissipated,1914,402858,400944
8190,p.o.,76106,402663,326557
8191,intimation,15898,402612,386714
8192,provocation,421439,402609,18830
8193,perched,1046,402598,401552
8194,jasper,25014,402584,377570
8195,screws,2150,402566,400416
8196,dozens,2201,402550,400349
8197,thrill,4386,402513,398127
8198,1779,287946,402442,114496
8199,flaming,3010,402431,399421
8200,indemnity,9385,402406,393021
8201,brushed,854,402389,401535
8202,genital,182501,402380,219879
8203,linger,4945,402356,397411
8204,dinners,904,402252,401348
8205,alumina,8033,402220,394187
8206,towne,3705,402120,398415
8207,nourished,2009,402038,400029
8208,vagina,10265,401898,391633
8209,servile,306721,401898,95177
8210,steven,53560,401859,348299
8211,devastating,2229,401803,399574
8212,thorpe,14795,401691,386896
8213,digested,2123,401639,399516
8214,koran,65220,401607,336387
8215,semblance,22984,401600,378616
8216,trajectory,6162,401543,395381
8217,drifting,2851,401519,398668
8218,fraught,1549,401492,399943
8219,aristotelian,10860,401459,390599
8220,cuban,12907,401440,388533
8221,measurable,4088,401421,397333
8222,occupants,320531,401292,80761
8223,slot,9503,401283,391780
8224,disgraceful,654,401264,400610
8225,plastics,10024,401253,391229
8226,mounds,9800,401204,391404
8227,ensue,1640,401167,399527
8228,wolfe,53073,401141,348068
8229,purposely,1387,401081,399694
8230,paired,5621,401046,395425
8231,invincible,525507,401031,124476
8232,casa,339567,400992,61425
8233,bulbs,1876,400977,399101
8234,sae,19401,400925,381524
8235,againe,1017,400873,399856
8236,stale,10075,400869,390794
8237,momentous,1326,400866,399540
8238,insults,1662,400827,399165
8239,knave,949,400727,399778
8240,politic,9729,400694,390965
8241,constituencies,2516,400634,398118
8242,06,351416,400589,49173
8243,meditations,549494,400527,148967
8244,primate,20411,400518,380107
8245,deplorable,776435,400399,376036
8246,ax,102111,400397,298286
8247,silvery,793,400308,399515
8248,diesel,230659,400300,169641
8249,491,204540,400215,195675
8250,hadrian,4019,400132,396113
8251,frenzy,1748,400103,398355
8252,floral,58428,400062,341634
8253,rh,104057,400039,295982
8254,assimilated,5601,399993,394392
8255,peopled,1413,399969,398556
8256,catechism,2981,399965,396984
8257,enraged,598,399888,399290
8258,adrenal,8871,399860,390989
8259,deployment,3806,399707,395901
8260,xenophon,159603,399618,240015
8261,soe,38243,399609,361366
8262,hips,2220,399578,397358
8263,intercept,4338,399427,395089
8264,annexation,5235,399393,394158
8265,hurled,608,399391,398783
8266,spices,2013,399383,397370
8267,cot,109569,399312,289743
8268,clues,3304,399247,395943
8269,vehement,63242,399174,335932
8270,spikes,3493,399078,395585
8271,handing,2035,399029,396994
8272,algae,13975,399027,385052
8273,swarm,2045,398984,396939
8274,counteract,2306,398966,396660
8275,untrue,1511,398891,397380
8276,agreeably,999,398825,397826
8277,modules,209545,398708,189163
8278,foretold,754,398673,397919
8279,dainty,1001,398666,397665
8280,scribes,118283,398665,280382
8281,parasitic,10077,398647,388570
8282,cedar,12805,398635,385830
8283,broadway,36332,398531,362199
8284,afore,1545,398524,396979
8285,calves,8692,398514,389822
8286,prosecute,2284,398484,396200
8287,hive,4243,398399,394156
8288,thi,56674,398379,341705
8289,perforated,3062,398368,395306
8290,affectionately,887,398356,397469
8291,sensing,11908,398349,386441
8292,exhortation,143586,398338,254752
8293,unpaid,3574,398270,394696
8294,garage,194350,398257,203907
8295,guys,25379,398196,372817
8296,solicitors,7684,398163,390479
8297,hardest,1430,398133,396703
8298,cranial,10755,398120,387365
8299,marquess,3269,398090,394821
8300,8s,17352,398034,380682
8301,shakes,2867,397925,395058
8302,parody,4467,397917,393450
8303,invoke,4552,397909,393357
8304,amazon,12937,397860,384923
8305,visibility,5155,397761,392606
8306,fleeting,1819,397738,395919
8307,unhealthy,1848,397728,395880
8308,crisp,29511,397707,368196
8309,detecting,5358,397702,392344
8310,cues,28988,397571,368583
8311,beetle,6002,397528,391526
8312,simulated,9534,397518,387984
8313,carnal,4278,397505,393227
8314,inhabitant,3921,397489,393568
8315,emphasizing,4579,397444,392865
8316,cosmopolitan,7266,397413,390147
8317,adored,599,397345,396746
8318,clays,16146,397204,381058
8319,hermes,198549,397180,198631
8320,reciprocity,11366,397166,385800
8321,subdivision,368133,397149,29016
8322,homosexuality,5937,397059,391122
8323,aubrey,13159,396985,383826
8324,unitary,6113,396957,390844
8325,genealogy,6011,396865,390854
8326,penn,66726,396748,330022
8327,dunbar,17873,396578,378705
8328,eternally,1411,396565,395154
8329,axiom,4556,396485,391929
8330,hurriedly,524,396468,395944
8331,lumbar,8634,396443,387809
8332,glorified,791,396430,395639
8333,spaced,6232,396415,390183
8334,ithaca,50495,396386,345891
8335,midway,10754,396363,385609
8336,unionist,3505,396335,392830
8337,identifiable,94092,396256,302164
8338,stanhope,57375,396243,338868
8339,bullion,32658,396141,363483
8340,spa,141427,396117,254690
8341,chemotherapy,9499,396086,386587
8342,biopsy,4812,396073,391261
8343,ashton,18538,396051,377513
8344,austere,450205,395940,54265
8345,aspire,492384,395915,96469
8346,cheered,524,395901,395377
8347,modal,67865,395896,328031
8348,bella,190926,395858,204932
8349,nn,380954,395798,14844
8350,andy,27909,395768,367859
8351,sacrificing,1445,395756,394311
8352,vintage,13323,395742,382419
8353,willed,1235,395716,394481
8354,cowardice,777,395715,394938
8355,virgins,1402,395690,394288
8356,uttering,1464,395625,394161
8357,discontinued,2523,395574,393051
8358,mons,731695,395555,336140
8359,competitor,2683,395531,392848
8360,provoking,2090,395517,393427
8361,acutely,1775,395507,393732
8362,budapest,462599,395500,67099
8363,baffled,811,395418,394607
8364,509,216337,395403,179066
8365,512,216655,395360,178705
8366,nf,290097,395302,105205
8367,interpreters,4351,395248,390897
8368,encyclopedia,44992,395208,350216
8369,romanticism,7175,395202,388027
8370,homeric,3033,395170,392137
8371,twigs,1451,395147,393696
8372,refractory,7239,395086,387847
8373,milner,63324,395061,331737
8374,thirsty,1250,395053,393803
8375,hazel,7406,395030,387624
8376,gloucestershire,4576,395013,390437
8377,evaluations,563812,394972,168840
8378,twenties,4130,394970,390840
8379,concur,17165,394906,377741
8380,1763,331003,394890,63887
8381,graphics,9158,394857,385699
8382,circumcision,3885,394759,390874
8383,soften,977,394655,393678
8384,recommending,2004,394566,392562
8385,purge,222319,394491,172172
8386,paulo,351145,394490,43345
8387,immaterial,3396,394489,391093
8388,meredith,32092,394441,362349
8389,unwise,1533,394418,392885
8390,494,198454,394381,195927
8391,exclamation,167757,394372,226615
8392,endemic,5230,394334,389104
8393,johannesburg,89907,394306,304399
8394,bates,41007,394242,353235
8395,prefix,21419,394231,372812
8396,pericles,141557,394135,252578
8397,avenues,296692,394131,97439
8398,rations,310349,394115,83766
8399,sucking,2158,394036,391878
8400,padua,7867,394033,386166
8401,widest,3302,393984,390682
8402,unclean,909,393922,393013
8403,alba,171965,393919,221954
8404,3.8,104586,393867,289281
8405,stud,38197,393845,355648
8406,juno,10157,393665,383508
8407,afresh,1138,393655,392517
8408,neurological,7004,393507,386503
8409,console,437385,393499,43886
8410,nigel,15644,393478,377834
8411,ascendancy,2012,393473,391461
8412,reagents,3358,393419,390061
8413,508,215607,393407,177800
8414,herman,163007,393320,230313
8415,ebb,2982,393312,390330
8416,garrisons,1245,393273,392028
8417,auditor,9908,393254,383346
8418,dangerously,1488,393230,391742
8419,depressing,1447,393123,391676
8420,j.m.,215964,393110,177146
8421,506,208910,393057,184147
8422,recesses,1316,393037,391721
8423,3.0,144585,393019,248434
8424,hateful,706,393010,392304
8425,newborn,7910,393010,385100
8426,macedonian,5857,392930,387073
8427,prefect,7014,392881,385867
8428,clocks,2791,392842,390051
8429,rein,663737,392834,270903
8430,villas,251237,392821,141584
8431,sicilian,2633,392717,390084
8432,figurative,82494,392707,310213
8433,abominable,260605,392597,131992
8434,infiltration,470859,392576,78283
8435,scrupulous,1293,392565,391272
8436,chalmers,29891,392449,362558
8437,oration,3761,392401,388640
8438,retort,1157,392392,391235
8439,mating,7664,392376,384712
8440,disarmament,14517,392313,377796
8441,ignition,37502,392276,354774
8442,vere,82599,392159,309560
8443,nymphs,1988,392069,390081
8444,unbounded,1776,392034,390258
8445,pardoned,618,392004,391386
8446,multilateral,94748,391928,297180
8447,melts,2495,391911,389416
8448,elicited,3189,391905,388716
8449,inf,195357,391850,196493
8450,adversity,1280,391676,390396
8451,tuscany,2202,391638,389436
8452,obliquely,1728,391631,389903
8453,ledge,2500,391460,388960
8454,antient,1199,391429,390230
8455,snap,5427,391421,385994
8456,penitent,98874,391397,292523
8457,diabetic,6101,391378,385277
8458,ulcers,3515,391365,387850
8459,hurricane,6403,391345,384942
8460,corporeal,2938,391334,388396
8461,whore,2383,391278,388895
8462,worrying,1461,391275,389814
8463,bryan,42871,391263,348392
8464,bedding,5528,391138,385610
8465,luckily,644,391094,390450
8466,dissemination,192601,391058,198457
8467,indigo,289739,391011,101272
8468,discernible,2586,390983,388397
8469,quidem,241753,390923,149170
8470,teutonic,2298,390820,388522
8471,subsided,1067,390767,389700
8472,choked,659,390728,390069
8473,infernal,173798,390689,216891
8474,utrecht,382278,390674,8396
8475,vaccine,289859,390606,100747
8476,roasted,1091,390601,389510
8477,crank,2647,390592,387945
8478,concomitant,50612,390462,339850
8479,hopelessly,1163,390452,389289
8480,mor,145804,390445,244641
8481,varnish,1674,390438,388764
8482,uniforms,1313,390424,389111
8483,limp,1437,390395,388958
8484,prepares,795864,390392,405472
8485,pointer,100534,390358,289824
8486,invariable,540233,390330,149903
8487,streak,5452,390300,384848
8488,minerva,38627,390254,351627
8489,lima,342637,390230,47593
8490,suture,456329,390220,66109
8491,investor,6188,390078,383890
8492,deluge,380587,390039,9452
8493,1400,180905,390021,209116
8494,org,62988,390018,327030
8495,formative,37232,390012,352780
8496,boyhood,1082,389922,388840
8497,anjou,811619,389920,421699
8498,serjeant,3195,389896,386701
8499,orbits,4035,389863,385828
8500,lithium,98564,389810,291246
8501,nmr,9082,389744,380662
8502,arte,235885,389708,153823
8503,nymph,2297,389703,387406
8504,homeless,5684,389636,383952
8505,cures,1005701,389636,616065
8506,straining,1285,389584,388299
8507,uv,69712,389576,319864
8508,vicarage,547,389564,389017
8509,drooping,645,389526,388881
8510,wagons,790384,389489,400895
8511,erat,205219,389372,184153
8512,masterly,1515,389300,387785
8513,experimentation,846637,389235,457402
8514,carotid,4795,389190,384395
8515,marian,27745,389146,361401
8516,volts,453894,389145,64749
8517,dave,25944,389127,363183
8518,ineffectual,891,389126,388235
8519,disapproval,1707,389045,387338
8520,coldly,492,389008,388516
8521,zenith,153285,388956,235671
8522,rusty,2279,388946,386667
8523,498,204420,388940,184520
8524,garter,1457,388917,387460
8525,492,202032,388916,186884
8526,entangled,2001,388858,386857
8527,picks,1952,388814,386862
8528,tailed,3121,388800,385679
8529,nominally,1504,388705,387201
8530,argentine,997411,388704,608707
8531,fined,1639,388678,387039
8532,hemp,3116,388677,385561
8533,legate,5110,388646,383536
8534,magnesia,5501,388607,383106
8535,sunderland,28814,388529,359715
8536,unsettled,2416,388463,386047
8537,sorting,6886,388369,381483
8538,subordinates,1870,388361,386491
8539,stabilization,15140,388344,373204
8540,cecilia,48301,388307,340006
8541,sensor,7001,388286,381285
8542,sophie,657201,388281,268920
8543,drowning,1947,388274,386327
8544,situate,4912,388232,383320
8545,utopian,6495,388102,381607
8546,rung,6278,388082,381804
8547,hiring,3594,388022,384428
8548,heaped,720,387992,387272
8549,heidelberg,235963,387981,152018
8550,8.5,67949,387964,320015
8551,1-4,97013,387963,290950
8552,sly,4178,387948,383770
8553,currencies,8873,387914,379041
8554,mornings,990,387902,386912
8555,discontented,722,387886,387164
8556,striped,2412,387870,385458
8557,impious,687,387835,387148
8558,breathless,785,387830,387045
8559,despatches,4807,387816,383009
8560,vineyard,6631,387813,381182
8561,manned,2320,387725,385405
8562,rotor,107523,387715,280192
8563,freehold,3749,387654,383905
8564,cation,190733,387642,196909
8565,placenta,291330,387621,96291
8566,abstinence,198581,387607,189026
8567,liberalization,9945,387603,377658
8568,insulated,4382,387592,383210
8569,baking,2856,387591,384735
8570,snuff,1598,387559,385961
8571,sprinkled,800,387547,386747
8572,stains,16267,387499,371232
8573,sardinia,5920,387489,381569
8574,friedman,78791,387382,308591
8575,drawers,1098,387371,386273
8576,err,20693,387323,366630
8577,apron,2536,387311,384775
8578,fares,27551,387307,359756
8579,clearest,1914,387300,385386
8580,releases,3267,387297,384030
8581,midday,1190,387294,386104
8582,omitting,2185,387286,385101
8583,assigning,2847,387286,384439
8584,enumeration,771495,387246,384249
8585,coldness,769,387235,386466
8586,tradesmen,1677,387218,385541
8587,wilkes,33424,387205,353781
8588,sep,124226,387204,262978
8589,bland,12964,387139,374175
8590,tooke,18729,387071,368342
8591,specifying,4715,387065,382350
8592,vet,121433,387032,265599
8593,shrines,2624,387031,384407
8594,creations,799058,386946,412112
8595,lengthened,1074,386935,385861
8596,fireplace,882,386920,386038
8597,horizons,656457,386899,269558
8598,tinged,1729,386804,385075
8599,mayer,355968,386774,30806
8600,stronghold,1449,386751,385302
8601,ferocious,864,386740,385876
8602,l2,164287,386703,222416
8603,wellesley,44516,386697,342181
8604,planetary,9132,386693,377561
8605,larry,31997,386663,354666
8606,sufferer,622,386631,386009
8607,tucker,34314,386624,352310
8608,immersion,359590,386517,26927
8609,maze,35578,386478,350900
8610,bromide,4593,386389,381796
8611,riddle,6748,386384,379636
8612,broom,7257,386352,379095
8613,infrared,14403,386334,371931
8614,routed,732,386323,385591
8615,att,199967,386263,186296
8616,goe,6214,386218,380004
8617,insurgents,16747,386209,369462
8618,relativity,10764,386201,375437
8619,enlisted,1862,386188,384326
8620,tensor,7075,386149,379074
8621,apocalypse,307051,386135,79084
8622,thos,10915,386116,375201
8623,1650,203692,386098,182406
8624,stylistic,8422,386059,377637
8625,staged,2446,386047,383601
8626,496,206351,386014,179663
8627,devoured,745,386007,385262
8628,ovarian,9910,386005,376095
8629,protects,3494,385975,382481
8630,justifies,167445,385952,218507
8631,summits,1700,385896,384196
8632,4.7,94799,385863,291064
8633,slippery,1591,385813,384222
8634,algiers,5775,385780,380005
8635,congratulate,1793,385770,383977
8636,fraternity,2867,385758,382891
8637,philips,125790,385713,259923
8638,cereals,7377,385708,378331
8639,gibbs,42576,385679,343103
8640,dexterity,1092,385667,384575
8641,smells,1354,385543,384189
8642,imprint,3380,385533,382153
8643,waged,2324,385516,383192
8644,hu,156498,385476,228978
8645,paler,6232,385476,379244
8646,verso,374785,385469,10684
8647,tanner,47723,385449,337726
8648,angela,48254,385442,337188
8649,bustle,498,385436,384938
8650,sideways,931,385421,384490
8651,scipio,10990,385411,374421
8652,inhibitor,7343,385336,377993
8653,unionists,1931,385331,383400
8654,effusion,322840,385322,62482
8655,spends,1902,385213,383311
8656,royalists,650,385151,384501
8657,severn,13705,385127,371422
8658,kinetics,16697,385104,368407
8659,repute,516893,385098,131795
8660,garb,2730,385091,382361
8661,filing,5210,385065,379855
8662,transgression,296319,385043,88724
8663,outlets,3749,385043,381294
8664,policemen,11187,384956,373769
8665,disappearing,3398,384947,381549
8666,dictum,171796,384927,213131
8667,electrolyte,90712,384893,294181
8668,pulls,8038,384765,376727
8669,urgently,2676,384702,382026
8670,respectability,2579,384677,382098
8671,warrants,41561,384675,343114
8672,irregularities,4463,384621,380158
8673,nocturnal,4044,384497,380453
8674,familial,1203570,384495,819075
8675,prowess,972,384491,383519
8676,repulsed,470,384394,383924
8677,intracellular,6140,384389,378249
8678,stoke,8018,384359,376341
8679,clayton,37599,384353,346754
8680,expands,2197,384306,382109
8681,template,5058,384236,379178
8682,persuading,1124,384097,382973
8683,frameworks,5206,384085,378879
8684,castro,340365,384079,43714
8685,racist,3475,384006,380531
8686,totals,4989,383981,378992
8687,capitol,12552,383946,371394
8688,prominently,1842,383838,381996
8689,inwardly,705,383790,383085
8690,grassy,2514,383758,381244
8691,cosmos,350282,383751,33469
8692,furiously,789,383741,382952
8693,sao,384727,383677,1050
8694,saga,93204,383539,290335
8695,mrna,6591,383490,376899
8696,czar,230046,383489,153443
8697,pretender,3594,383468,379874
8698,wheeled,1075,383466,382391
8699,maketh,663,383453,382790
8700,oddly,1025,383425,382400
8701,bacchus,196117,383411,187294
8702,denominated,1497,383394,381897
8703,rightful,2242,383353,381111
8704,keyboard,3335,383349,380014
8705,reorganization,7667,383338,375671
8706,unmistakable,1610,383200,381590
8707,fragmented,5015,383158,378143
8708,admissible,448511,383144,65367
8709,jug,31131,383083,351952
8710,politely,547,383050,382503
8711,bloodshed,1294,383039,381745
8712,himselfe,1016,383029,382013
8713,biased,5023,383028,378005
8714,sickly,750,382985,382235
8715,tibetan,5835,382944,377109
8716,rife,2187,382929,380742
8717,adapting,5377,382786,377409
8718,evinced,1190,382775,381585
8719,famed,871,382774,381903
8720,contemptuous,649,382760,382111
8721,nichols,25530,382756,357226
8722,utilities,13154,382728,369574
8723,mildly,1163,382690,381527
8724,enterprising,1491,382689,381198
8725,presbyterians,735,382618,381883
8726,ligand,16516,382577,366061
8727,fie,694231,382503,311728
8728,notebook,4212,382380,378168
8729,spaniard,1342,382375,381033
8730,suction,5658,382369,376711
8731,sweating,13470,382337,368867
8732,fritz,209931,382321,172390
8733,glaring,1276,382286,381010
8734,holly,9975,382275,372300
8735,turmoil,2974,382272,379298
8736,thinner,2334,382267,379933
8737,doubting,1076,382248,381172
8738,impatiently,346,382214,381868
8739,intolerance,408197,382204,25993
8740,ingratitude,367181,382192,15011
8741,ravine,63894,382028,318134
8742,twain,21566,382027,360461
8743,navarre,931267,382019,549248
8744,pill,4073,382001,377928
8745,cafes,436506,381955,54551
8746,liturgical,5525,381934,376409
8747,santiago,321831,381919,60088
8748,forfeiture,2741,381879,379138
8749,orchestral,15155,381846,366691
8750,antibiotic,6076,381806,375730
8751,disgusting,923,381771,380848
8752,bruised,557,381768,381211
8753,evergreen,4605,381766,377161
8754,assignments,3235,381748,378513
8755,eliz,5326,381735,376409
8756,tenancy,2977,381722,378745
8757,localization,14510,381711,367201
8758,bombers,1281,381674,380393
8759,alto,166876,381653,214777
8760,pus,1245511,381633,863878
8761,conciliation,1107061,381592,725469
8762,aragon,703936,381410,322526
8763,luncheon,2457,381377,378920
8764,fondly,447,381299,380852
8765,pars,464716,381281,83435
8766,tweed,19007,381279,362272
8767,sharpe,33568,381255,347687
8768,elijah,5562,381215,375653
8769,affectation,850669,381198,469471
8770,labyrinth,5771,381174,375403
8771,lise,310317,381089,70772
8772,folklore,348993,380999,32006
8773,postulated,4944,380947,376003
8774,curses,1112,380892,379780
8775,fences,2457,380889,378432
8776,coverts,156,380820,380664
8777,sorrowful,507,380783,380276
8778,argyll,15345,380730,365385
8779,covenants,3308,380641,377333
8780,toledo,55954,380558,324604
8781,cohort,8400,380431,372031
8782,summarised,3747,380424,376677
8783,risky,3685,380412,376727
8784,prized,991,380356,379365
8785,incompetent,167898,380252,212354
8786,embryos,12626,380243,367617
8787,intellectually,2278,380227,377949
8788,planters,6925,380213,373288
8789,linkages,7313,380172,372859
8790,embody,3060,380155,377095
8791,1768,293264,380100,86836
8792,raja,38444,380048,341604
8793,presbytery,903,380048,379145
8794,curing,5757,380027,374270
8795,retorted,335,379918,379583
8796,detrimental,4452,379912,375460
8797,1689,185969,379840,193871
8798,modernist,4568,379811,375243
8799,xxxv,235396,379809,144413
8800,pursuance,7094,379763,372669
8801,bishopric,1192,379746,378554
8802,dilatation,916695,379660,537035
8803,stupidity,1474,379651,378177
8804,6000,195028,379611,184583
8805,emergent,207383,379611,172228
8806,vassals,1786,379607,377821
8807,dyer,19218,379569,360351
8808,photographer,4494,379551,375057
8809,armature,450321,379546,70775
8810,cyanide,3295,379545,376250
8811,costing,3956,379440,375484
8812,ke,138603,379428,240825
8813,"60,000",145175,379382,234207
8814,alfonso,92914,379376,286462
8815,relay,6969,379366,372397
8816,scotia,24346,379321,354975
8817,loth,64737,379304,314567
8818,imperfections,381859,379299,2560
8819,vineyards,3970,379292,375322
8820,assaults,2842,379264,376422
8821,autobiographical,6055,379203,373148
8822,brilliantly,1363,379169,377806
8823,carelessly,781,379109,378328
8824,caucasus,5472,379032,373560
8825,forecasts,8075,378980,370905
8826,starve,1147,378979,377832
8827,ethos,67964,378978,311014
8828,fresco,19417,378940,359523
8829,1765,288425,378932,90507
8830,adhering,2667,378828,376161
8831,corinthian,1539,378754,377215
8832,rubens,340754,378737,37983
8833,presentations,253336,378733,125397
8834,cavern,1608,378717,377109
8835,complexities,3020,378589,375569
8836,updated,5331,378568,373237
8837,oracles,243626,378552,134926
8838,financially,3163,378548,375385
8839,maximus,69113,378497,309384
8840,transcribed,2869,378487,375618
8841,notoriously,1477,378467,376990
8842,demeanour,455,378460,378005
8843,stranded,2605,378457,375852
8844,ith,11015,378377,367362
8845,worries,1829,378289,376460
8846,softening,2371,378275,375904
8847,preclude,4331,378217,373886
8848,515,205626,378209,172583
8849,gastrointestinal,5628,378160,372532
8850,skilfully,899,378148,377249
8851,recipe,3652,378130,374478
8852,impunity,2072,378117,376045
8853,northwards,1576,378087,376511
8854,unfolding,3428,378064,374636
8855,miiller,57554,377981,320427
8856,ent,248793,377937,129144
8857,curb,3019,377858,374839
8858,desertion,290023,377846,87823
8859,shit,5966,377843,371877
8860,numbering,3531,377819,374288
8861,bucks,3655,377817,374162
8862,humours,2138,377814,375676
8863,louisiana,32947,377767,344820
8864,delicately,918,377741,376823
8865,lowland,5344,377601,372257
8866,injections,811796,377523,434273
8867,retreating,1021,377509,376488
8868,merlin,457157,377468,79689
8869,subsist,2826,377430,374604
8870,dispersal,4173,377336,373163
8871,pestilence,17091,377300,360209
8872,palazzo,60588,377232,316644
8873,evacuated,2407,377101,374694
8874,parma,31511,377061,345550
8875,viewer,4601,377005,372404
8876,bey,742695,376997,365698
8877,infringement,5409,376995,371586
8878,owning,2712,376943,374231
8879,volcano,16921,376802,359881
8880,perplexity,1033,376678,375645
8881,yen,229198,376650,147452
8882,az,103857,376611,272754
8883,validation,246524,376599,130075
8884,quarries,3846,376570,372724
8885,wedded,985,376494,375509
8886,silenced,1042,376458,375416
8887,ratification,922187,376457,545730
8888,pitiful,943,376439,375496
8889,fumes,539577,376436,163141
8890,keel,7146,376434,369288
8891,reinforcing,4168,376323,372155
8892,crater,6719,376320,369601
8893,squared,3879,376317,372438
8894,envoys,3010,376315,373305
8895,lyre,255853,376294,120441
8896,lynch,56676,376269,319593
8897,amos,69958,376146,306188
8898,pancreatic,5004,376144,371140
8899,bodleian,8601,376116,367515
8900,outskirts,2360,376094,373734
8901,trifles,892,376018,375126
8902,garlic,1198,376014,374816
8903,nucleic,7736,375934,368198
8904,swelled,792,375914,375122
8905,debtors,5037,375831,370794
8906,stringent,3078,375798,372720
8907,symptomatic,3751,375711,371960
8908,flooding,4791,375697,370906
8909,attribution,1364669,375661,989008
8910,mens,325830,375517,49687
8911,ashley,27908,375441,347533
8912,writs,11471,375290,363819
8913,carelessness,1291,375285,373994
8914,sheikh,16714,375259,358545
8915,hack,14887,375201,360314
8916,illiterate,2749,375076,372327
8917,restricting,4126,375070,370944
8918,contentment,1051,375057,374006
8919,collagen,6745,375050,368305
8920,commodore,75322,374916,299594
8921,centrifugal,5684,374830,369146
8922,7-8,123928,374783,250855
8923,schneider,398796,374753,24043
8924,smelling,1141,374750,373609
8925,discredit,235795,374743,138948
8926,weighs,1472,374742,373270
8927,tormented,1180,374736,373556
8928,enrichment,8568,374675,366107
8929,favored,7002,374622,367620
8930,expediency,3095,374604,371509
8931,alluding,999,374561,373562
8932,lawfully,4046,374555,370509
8933,suspects,579654,374543,205111
8934,firth,20841,374537,353696
8935,chemically,4483,374519,370036
8936,xxxvi,227888,374502,146614
8937,guatemala,288255,374496,86241
8938,bibliographical,24119,374418,350299
8939,obesity,6581,374251,367670
8940,compton,31790,374228,342438
8941,elusive,6016,374224,368208
8942,vesicles,4905,374200,369295
8943,humanism,13131,374087,360956
8944,depicting,2439,374036,371597
8945,bathed,925,374009,373084
8946,bertrand,1287585,373989,913596
8947,usefully,2740,373947,371207
8948,depicts,2991,373938,370947
8949,imaginable,71697,373931,302234
8950,domino,295994,373914,77920
8951,kerr,46284,373865,327581
8952,nathaniel,21832,373847,352015
8953,recognizable,3451,373807,370356
8954,forecasting,18317,373795,355478
8955,christine,570932,373774,197158
8956,serpents,329076,373747,44671
8957,remonstrance,18582,373725,355143
8958,theseus,4429,373669,369240
8959,inexplicable,304696,373599,68903
8960,6-7,102714,373583,270869
8961,predicting,8823,373580,364757
8962,fittings,2901,373570,370669
8963,oc,1001976,373546,628430
8964,thair,3671,373501,369830
8965,discriminate,3726,373478,369752
8966,perch,4045,373475,369430
8967,1300,178251,373440,195189
8968,workhouse,11749,373364,361615
8969,simile,201465,373154,171689
8970,h.m.,16092,373024,356932
8971,draining,2603,373016,370413
8972,ling,74145,373009,298864
8973,quadratic,4753,373008,368255
8974,jer,26362,372922,346560
8975,sampson,21720,372877,351157
8976,filament,211014,372867,161853
8977,disperse,371405,372848,1443
8978,concentrates,5466,372832,367366
8979,celebrating,2292,372822,370530
8980,titian,2353,372797,370444
8981,loci,138696,372754,234058
8982,saves,10615,372661,362046
8983,lute,18408,372656,354248
8984,entrenched,2105,372627,370522
8985,thematic,12509,372399,359890
8986,afghan,50730,372328,321598
8987,houston,83434,372255,288821
8988,wharton,34934,372178,337244
8989,teresa,78076,372168,294092
8990,dimly,829,372124,371295
8991,quakers,78980,372100,293120
8992,degrading,2890,372078,369188
8993,yo,208506,372032,163526
8994,mansions,8647,372023,363376
8995,concede,431118,371983,59135
8996,ado,41196,371975,330779
8997,recital,32730,371935,339205
8998,kneel,667,371904,371237
8999,recognises,2486,371888,369402
9000,sacks,11702,371887,360185
9001,bedside,1195,371847,370652
9002,stephenson,54044,371846,317802
9003,hates,29557,371838,342281
9004,unpredictable,2741,371813,369072
9005,lifelong,3002,371757,368755
9006,tuning,5351,371749,366398
9007,churchmen,2161,371713,369552
9008,elliptical,2420,371605,369185
9009,demetrius,86274,371558,285284
9010,disappointing,2413,371548,369135
9011,haec,160077,371485,211408
9012,huntingdon,14670,371426,356756
9013,terminus,162713,371391,208678
9014,toothed,882,371332,370450
9015,dominating,4130,371291,367161
9016,parishioners,944,371235,370291
9017,whispers,1001,371190,370189
9018,predominance,668858,371131,297727
9019,indexes,37102,371092,333990
9020,formality,2347,371089,368742
9021,anointed,498,371059,370561
9022,suppl,191775,371029,179254
9023,postulate,6476,370954,364478
9024,lark,3066,370905,367839
9025,accountant,3970,370901,366931
9026,thinly,1234,370890,369656
9027,allegedly,3765,370869,367104
9028,intercession,139931,370867,230936
9029,apical,58017,370851,312834
9030,rossetti,33316,370814,337498
9031,odes,151745,370793,219048
9032,ethylene,91498,370754,279256
9033,uprising,5208,370697,365489
9034,inexperienced,1126,370670,369544
9035,quis,240509,370663,130154
9036,irregularity,3387,370589,367202
9037,rewarding,2264,370519,368255
9038,cooler,3139,370519,367380
9039,angola,446199,370506,75693
9040,betrayal,3071,370487,367416
9041,grabbed,431,370436,370005
9042,bulgarian,22216,370419,348203
9043,masked,3306,370320,367014
9044,scrub,3475,370199,366724
9045,primer,158803,370147,211344
9046,governs,4413,370032,365619
9047,stochastic,13698,370032,356334
9048,asquith,34443,370024,335581
9049,dyke,23320,369968,346648
9050,salvador,340548,369968,29420
9051,cia,115697,369919,254222
9052,ultrasound,5998,369806,363808
9053,retribution,411602,369768,41834
9054,vicissitudes,511746,369733,142013
9055,mathematician,3163,369720,366557
9056,bowing,1116,369697,368581
9057,gallop,1847,369691,367844
9058,maximize,2998,369624,366626
9059,hitting,1305,369475,368170
9060,powered,3458,369342,365884
9061,mucosa,10248,369328,359080
9062,scented,771,369312,368541
9063,existential,15663,369259,353596
9064,pawn,1693,369079,367386
9065,jameson,34648,369073,334425
9066,bosnia,9412,369072,359660
9067,epilogue,180986,369069,188083
9068,pirate,90977,369063,278086
9069,shipbuilding,8907,369057,360150
9070,plum,14276,369049,354773
9071,parnell,19956,369043,349087
9072,commenting,2723,369000,366277
9073,fuse,39843,368957,329114
9074,leaped,466,368923,368457
9075,sealing,3439,368916,365477
9076,spelt,1613,368867,367254
9077,optics,15693,368836,353143
9078,ionization,10528,368781,358253
9079,fearless,1719,368705,366986
9080,1769,279298,368630,89332
9081,craving,1672,368614,366942
9082,trod,1877,368583,366706
9083,businessmen,11331,368574,357243
9084,assembling,2504,368573,366069
9085,pistols,1947,368546,366599
9086,isis,180864,368500,187636
9087,annihilation,48393,368498,320105
9088,avenge,798,368470,367672
9089,marries,2188,368461,366273
9090,ancestry,3339,368405,365066
9091,stumbling,1444,368398,366954
9092,sleepy,1677,368361,366684
9093,leiden,106309,368359,262050
9094,slaughtered,2955,368336,365381
9095,empirically,4845,368292,363447
9096,oedipus,3640,368280,364640
9097,recur,2872,368256,365384
9098,luxuries,1421,368237,366816
9099,brig,21369,368224,346855
9100,whiche,1277,368206,366929
9101,detriment,1211383,368052,843331
9102,amorous,1509,368023,366514
9103,chanced,412,367985,367573
9104,congressional,15958,367950,351992
9105,paradoxically,4648,367948,363300
9106,balkan,48273,367913,319640
9107,syrup,3747,367891,364144
9108,sophocles,3923,367862,363939
9109,521,193036,367740,174704
9110,ille,366599,367588,989
9111,blurred,3096,367561,364465
9112,stoic,4318,367501,363183
9113,submitting,4212,367471,363259
9114,archers,232346,367455,135109
9115,cis,57820,367415,309595
9116,maximilian,17883,367414,349531
9117,hindrance,2681,367389,364708
9118,mania,29188,367305,338117
9119,drafts,4929,367289,362360
9120,citation,1034130,367280,666850
9121,ibm,107171,367275,260104
9122,unaltered,2161,367182,365021
9123,appetites,1155,367080,365925
9124,ignores,224961,367077,142116
9125,signalling,4445,367055,362610
9126,fuss,19567,367046,347479
9127,hauled,803,367042,366239
9128,glove,2140,366835,364695
9129,transmitting,5106,366809,361703
9130,4.8,91049,366794,275745
9131,mortem,99391,366773,267382
9132,bacillus,88220,366764,278544
9133,promontory,1274,366733,365459
9134,frowned,486,366711,366225
9135,felony,3178,366681,363503
9136,viola,79951,366660,286709
9137,trevor,21110,366646,345536
9138,plucked,756,366635,365879
9139,exempted,3942,366628,362686
9140,epistemological,7569,366607,359038
9141,1745,190150,366600,176450
9142,utilised,2931,366595,363664
9143,renunciation,5160,366590,361430
9144,ty,80118,366581,286463
9145,grinned,162,366557,366395
9146,routines,86307,366517,280210
9147,n.w.,18754,366509,347755
9148,obsession,352955,366506,13551
9149,searches,3172,366502,363330
9150,plank,8099,366453,358354
9151,hicks,49331,366414,317083
9152,reproaches,654,366407,365753
9153,lewes,19051,366344,347293
9154,allegations,207315,366302,158987
9155,casually,940,366299,365359
9156,genitive,3620,366265,362645
9157,sensed,1758,366256,364498
9158,leaved,1728,366236,364508
9159,quitting,750,366225,365475
9160,steevens,1192,366065,364873
9161,caliph,1599,366012,364413
9162,cadiz,33541,366009,332468
9163,100.0,209179,365990,156811
9164,phenomenal,87660,365976,278316
9165,relapse,8583,365945,357362
9166,photos,670197,365890,304307
9167,portico,5041,365873,360832
9168,salvage,12956,365829,352873
9169,anchorage,5828,365767,359939
9170,oar,22881,365706,342825
9171,dwellers,5282,365692,360410
9172,speculate,2509,365644,363135
9173,6.6,70785,365615,294830
9174,rec,677306,365591,311715
9175,islanders,4797,365552,360755
9176,echoing,1484,365551,364067
9177,pb,115237,365534,250297
9178,weiss,246232,365530,119298
9179,subterranean,2734,365515,362781
9180,fragrance,6989,365504,358515
9181,opt,43191,365425,322234
9182,artifice,682533,365397,317136
9183,duplicate,11233,365309,354076
9184,justifying,3450,365178,361728
9185,mattered,1241,365098,363857
9186,rerum,301828,365061,63233
9187,envious,926,365029,364103
9188,drown,1909,364993,363084
9189,shropshire,8466,364972,356506
9190,rand,106299,364898,258599
9191,glaciers,427116,364845,62271
9192,equalled,980,364843,363863
9193,barlow,42739,364762,322023
9194,pills,2999,364748,361749
9195,unreal,2258,364729,362471
9196,stereotypes,222487,364717,142230
9197,obliterated,1597,364705,363108
9198,robber,2088,364675,362587
9199,constables,20478,364593,344115
9200,inserting,2726,364587,361861
9201,enrich,3413,364528,361115
9202,deut,34864,364516,329652
9203,diets,7468,364471,357003
9204,stakeholders,6954,364463,357509
9205,mutilated,3331,364454,361123
9206,simplify,4001,364233,360232
9207,testimonies,2554,364157,361603
9208,interspersed,1539,364108,362569
9209,denominator,2921,364076,361155
9210,weave,2038,364047,362009
9211,utopia,28717,364047,335330
9212,frightening,1498,364028,362530
9213,lawless,9390,364027,354637
9214,galloway,20826,364013,343187
9215,wanderings,2422,363960,361538
9216,tapping,4701,363951,359250
9217,escorted,609,363882,363273
9218,infrequently,2139,363874,361735
9219,registry,10482,363752,353270
9220,delirium,38095,363750,325655
9221,flanked,1303,363741,362438
9222,2.9,110922,363720,252798
9223,oranges,228292,363683,135391
9224,terminates,2081,363641,361560
9225,injunctions,3139,363579,360440
9226,perceives,2211,363563,361352
9227,lucrative,129574,363552,233978
9228,adhesive,32374,363546,331172
9229,platelet,6601,363500,356899
9230,carroll,57720,363488,305768
9231,terrifying,1225,363465,362240
9232,brazen,1262,363355,362093
9233,combatants,2626,363294,360668
9234,redundancy,3648,363290,359642
9235,waistcoat,366,363266,362900
9236,facsimile,20466,363254,342788
9237,albania,13744,363224,349480
9238,taller,12826,363190,350364
9239,postage,15232,363176,347944
9240,grate,4768,363158,358390
9241,fake,4520,363149,358629
9242,ergo,227400,363111,135711
9243,cheerfulness,536,363099,362563
9244,roared,375,363072,362697
9245,infidelity,931,363055,362124
9246,rout,14768,363027,348259
9247,cons,637549,362997,274552
9248,lunatic,3389,362980,359591
9249,1759,251789,362931,111142
9250,greens,3643,362931,359288
9251,scoring,5075,362873,357798
9252,donation,1211680,362786,848894
9253,whipped,722,362752,362030
9254,fernando,234707,362747,128040
9255,enveloped,929,362737,361808
9256,balkans,384244,362688,21556
9257,constitutive,274677,362641,87964
9258,rollers,4665,362606,357941
9259,contributor,1730,362593,360863
9260,contractions,452288,362496,89792
9261,1.9,141832,362469,220637
9262,rm,154548,362455,207907
9263,bomber,13162,362429,349267
9264,flakes,6295,362427,356132
9265,capturing,2763,362414,359651
9266,shedding,4609,362335,357726
9267,ganges,24839,362327,337488
9268,exporting,7267,362311,355044
9269,utilize,4048,362304,358256
9270,bluish,1063,362225,361162
9271,habermas,137243,362214,224971
9272,whiteness,2414,362187,359773
9273,purchasers,2229,362164,359935
9274,olds,6260,362151,355891
9275,promoters,3161,362150,358989
9276,packets,3028,362097,359069
9277,diploma,21748,362096,340348
9278,delle,653523,362033,291490
9279,launching,5694,361917,356223
9280,levant,1151265,361871,789394
9281,ganglion,356076,361816,5740
9282,unreliable,2827,361812,358985
9283,retardation,12858,361794,348936
9284,traction,1065075,361703,703372
9285,catalytic,5830,361700,355870
9286,availed,1067,361648,360581
9287,odysseus,5961,361633,355672
9288,inhuman,3268,361553,358285
9289,confronting,5561,361529,355968
9290,ration,713288,361510,351778
9291,seminary,10201,361463,351262
9292,greyish,1292,361418,360126
9293,luc,1052902,361413,691489
9294,glide,5357,361349,355992
9295,noses,1552,361277,359725
9296,unwanted,2406,361276,358870
9297,booksellers,3783,361258,357475
9298,codex,227291,361251,133960
9299,sartre,651253,361236,290017
9300,sanders,49919,361217,311298
9301,shrinking,2822,361214,358392
9302,stratification,319675,361124,41449
9303,1766,273912,361107,87195
9304,crucible,4557,361047,356490
9305,kai,134649,360982,226333
9306,mace,107404,360957,253553
9307,apprehensive,2651,360877,358226
9308,metaphorical,3988,360862,356874
9309,apathy,5953,360860,354907
9310,perkins,44003,360843,316840
9311,governess,860,360836,359976
9312,cytoplasm,6126,360782,354656
9313,upside,2578,360778,358200
9314,wouldst,458,360765,360307
9315,assures,1018154,360749,657405
9316,buys,16493,360746,344253
9317,lias,218445,360728,142283
9318,medina,154827,360727,205900
9319,reacts,2520,360723,358203
9320,delegated,3964,360712,356748
9321,stenosis,5023,360653,355630
9322,ibrahim,294420,360626,66206
9323,lethal,10121,360615,350494
9324,whit,2534,360568,358034
9325,staging,4572,360562,355990
9326,ravages,805774,360515,445259
9327,purgatory,1360,360506,359146
9328,mayo,99064,360485,261421
9329,whales,4154,360479,356325
9330,liu,69280,360448,291168
9331,trailing,1503,360406,358903
9332,laterally,3654,360387,356733
9333,sieve,3620,360369,356749
9334,scourge,2118,360307,358189
9335,hz,115111,360305,245194
9336,devour,927,360296,359369
9337,guarding,1647,360250,358603
9338,raf,36471,360206,323735
9339,zum,626794,360194,266600
9340,irons,166399,360177,193778
9341,halle,532392,360161,172231
9342,bothered,1000,360158,359158
9343,automated,13370,360153,346783
9344,amenable,2707,360131,357424
9345,attracts,2048,360120,358072
9346,constellation,204839,360058,155219
9347,lucia,70372,360014,289642
9348,sn,187372,359995,172623
9349,lt.,15820,359994,344174
9350,berkshire,11085,359991,348906
9351,progeny,5321,359951,354630
9352,denominations,409241,359950,49291
9353,poore,3200,359949,356749
9354,slag,10855,359940,349085
9355,leafy,900,359922,359022
9356,vane,23216,359915,336699
9357,coded,4100,359893,355793
9358,advising,2072,359879,357807
9359,agar,94827,359859,265032
9360,orthogonal,31991,359813,327822
9361,aeroplane,73145,359807,286662
9362,handsomely,577,359800,359223
9363,sor,141602,359797,218195
9364,tapped,1124,359790,358666
9365,enquired,661,359784,359123
9366,1641,145068,359782,214714
9367,caprice,530414,359768,170646
9368,apartheid,201107,359693,158586
9369,clifton,14050,359646,345596
9370,pg,82518,359630,277112
9371,attains,2807,359605,356798
9372,mariner,22235,359590,337355
9373,monopolies,5674,359588,353914
9374,resolutely,1551,359538,357987
9375,milder,2664,359505,356841
9376,zionist,5017,359484,354467
9377,cultivating,2779,359439,356660
9378,snare,1918,359426,357508
9379,ms.,208140,359389,151249
9380,resolves,2186,359387,357201
9381,tints,1140,359300,358160
9382,doyle,34339,359236,324897
9383,overtaken,977,359231,358254
9384,aryan,4047,359207,355160
9385,nightly,1019,359140,358121
9386,4d,13902,359067,345165
9387,wrap,1976,359055,357079
9388,decks,1947,359028,357081
9389,sacrificial,2467,359016,356549
9390,loft,11237,358982,347745
9391,terence,97962,358957,260995
9392,needy,1601,358897,357296
9393,studios,109886,358869,248983
9394,recollected,643,358864,358221
9395,fling,1774,358811,357037
9396,earle,15205,358799,343594
9397,spec,169141,358790,189649
9398,fucking,1702,358776,357074
9399,"8,000",163591,358760,195169
9400,burmese,3720,358749,355029
9401,bribe,13915,358680,344765
9402,legged,1095,358658,357563
9403,abortive,15048,358653,343605
9404,maori,31376,358652,327276
9405,leith,20624,358642,338018
9406,embroidery,1372,358637,357265
9407,mentality,6050,358604,352554
9408,corpses,1296,358591,357295
9409,octave,534615,358588,176027
9410,indeterminate,3841,358541,354700
9411,ahmed,480519,358425,122094
9412,yearning,1343,358409,357066
9413,ain,578097,358406,219691
9414,banana,32101,358357,326256
9415,ind,255582,358332,102750
9416,kashmir,8967,358327,349360
9417,rendezvous,87427,358324,270897
9418,outrageous,1185,358300,357115
9419,spade,5991,358273,352282
9420,wil,32028,358252,326224
9421,zimbabwe,147670,358250,210580
9422,lure,57546,358074,300528
9423,ley,114371,358073,243702
9424,rattle,2501,357972,355471
9425,heterogeneity,10374,357967,347593
9426,potency,4521,357956,353435
9427,alison,22355,357949,335594
9428,pontiff,660,357943,357283
9429,desperation,1076,357921,356845
9430,tilt,14509,357893,343384
9431,1762,274968,357884,82916
9432,gaily,452,357852,357400
9433,0.7,131229,357843,226614
9434,endings,3886,357802,353916
9435,sufferers,1006,357800,356794
9436,explores,69155,357782,288627
9437,defoe,25980,357766,331786
9438,depict,2661,357738,355077
9439,towering,894,357734,356840
9440,sordid,1031,357718,356687
9441,alveolar,7416,357716,350300
9442,8.4,60428,357695,297267
9443,proportioned,1001,357685,356684
9444,deciduous,5288,357658,352370
9445,goths,213158,357624,144466
9446,exponent,4028,357593,353565
9447,kingsley,21959,357566,335607
9448,completes,1243213,357528,885685
9449,shivering,788,357505,356717
9450,objectively,3944,357475,353531
9451,transforms,4748,357472,352724
9452,inadequacy,3694,357335,353641
9453,loam,8223,357204,348981
9454,unfold,1544,357158,355614
9455,aggregates,7700,357145,349445
9456,brutality,1926,357034,355108
9457,navigable,286070,357001,70931
9458,mingle,1297,356933,355636
9459,hysteria,4309,356815,352506
9460,dominates,4392,356766,352374
9461,lxx,64382,356763,292381
9462,reporters,63252,356724,293472
9463,como,862441,356712,505729
9464,icon,22402,356705,334303
9465,insufficiency,4946,356701,351755
9466,helium,132550,356629,224079
9467,tarn,380346,356592,23754
9468,emptiness,2505,356550,354045
9469,hillside,1720,356535,354815
9470,wad,8381,356532,348151
9471,superimposed,5410,356517,351107
9472,contradicted,1935,356405,354470
9473,bertram,35592,356382,320790
9474,griffiths,26189,356365,330176
9475,cavalier,608486,356332,252154
9476,intoxication,433385,356331,77054
9477,transitory,4901,356314,351413
9478,hampered,2581,356302,353721
9479,hens,7682,356298,348616
9480,infinitive,21533,356212,334679
9481,tertullian,2641,356208,353567
9482,oa,246330,356180,109850
9483,liar,3953,356179,352226
9484,foreman,9982,356166,346184
9485,inversely,3453,356151,352698
9486,bullock,12938,356137,343199
9487,barnard,38189,356053,317864
9488,nationals,23458,356006,332548
9489,excommunication,280219,355923,75704
9490,axioms,4388,355911,351523
9491,dashing,480,355858,355378
9492,1740,259582,355855,96273
9493,woodward,37409,355825,318416
9494,trance,12306,355795,343489
9495,colchester,10396,355787,345391
9496,lexicon,38042,355751,317709
9497,harassed,697,355722,355025
9498,educators,4120,355698,351578
9499,confuse,464647,355592,109055
9500,carlton,26166,355575,329409
9501,misses,10275,355557,345282
9502,christina,24668,355540,330872
9503,hatched,2453,355518,353065
9504,stumbled,542,355505,354963
9505,blot,60398,355493,295095
9506,consummate,852,355421,354569
9507,whereon,671,355393,354722
9508,infirmities,405,355376,354971
9509,pratt,47739,355332,307593
9510,saluted,365,355325,354960
9511,torpedo,15622,355241,339619
9512,ahmad,69523,355227,285704
9513,aurora,32776,355222,322446
9514,digit,9284,355173,345889
9515,indefatigable,1864,355172,353308
9516,10.2,57251,355134,297883
9517,fm,184037,355110,171073
9518,ethel,18828,355078,336250
9519,puzzling,3119,355070,351951
9520,companionship,1029,355044,354015
9521,grained,5664,355007,349343
9522,humanities,20938,354967,334029
9523,irene,184728,354941,170213
9524,autograph,2636,354894,352258
9525,divisional,3763,354859,351096
9526,melodies,226203,354852,128649
9527,wert,50090,354835,304745
9528,intermediary,7865,354803,346938
9529,topped,1555,354737,353182
9530,karen,40983,354728,313745
9531,entrepreneurial,21407,354703,333296
9532,etymology,3312,354633,351321
9533,downing,25481,354585,329104
9534,softness,1232,354556,353324
9535,simulations,105904,354542,248638
9536,humiliating,959,354513,353554
9537,mummy,2216,354474,352258
9538,hampstead,10498,354466,343968
9539,homeward,1532,354459,352927
9540,leapt,436,354448,354012
9541,manifests,3695,354445,350750
9542,anticipating,1921,354399,352478
9543,cyst,6489,354307,347818
9544,vanishes,2800,354145,351345
9545,additive,36797,354137,317340
9546,gradients,61374,354091,292717
9547,hopefully,2102,354087,351985
9548,waggon,15043,354079,339036
9549,1662,156009,353880,197871
9550,mans,558734,353873,204861
9551,obnoxious,708,353848,353140
9552,513,193513,353847,160334
9553,phonetic,9885,353840,343955
9554,ferment,584976,353724,231252
9555,novelists,4967,353720,348753
9556,slander,1847,353718,351871
9557,miner,146923,353673,206750
9558,destroyer,18086,353648,335562
9559,feats,909,353556,352647
9560,repayment,4396,353495,349099
9561,convicts,28737,353419,324682
9562,transmitter,3207,353401,350194
9563,confiscated,2609,353325,350716
9564,masts,3670,353238,349568
9565,withhold,1509,353208,351699
9566,formulations,148054,353203,205149
9567,excelled,655,353143,352488
9568,fringes,3737,353061,349324
9569,playwright,1976,353058,351082
9570,inhibitory,6652,353040,346388
9571,mk,44551,353012,308461
9572,alaska,125195,353003,227808
9573,judiciary,9663,353001,343338
9574,sew,6032,352989,346957
9575,sq,574521,352968,221553
9576,amplification,206307,352965,146658
9577,mythological,3230,352961,349731
9578,535,207270,352916,145646
9579,detain,4866,352904,348038
9580,guilds,4857,352886,348029
9581,randomly,4231,352830,348599
9582,unofficial,3532,352617,349085
9583,forbids,1745,352542,350797
9584,eagles,3895,352529,348634
9585,gran,321606,352499,30893
9586,lifeless,1045,352466,351421
9587,beirut,13443,352465,339022
9588,tolstoy,12288,352428,340140
9589,hellenic,9595,352382,342787
9590,raged,757,352332,351575
9591,lc,279027,352326,73299
9592,concealing,1057,352294,351237
9593,dungeon,963,352253,351290
9594,oder,1212443,352210,860233
9595,hrs,11585,352170,340585
9596,scalar,3851,352132,348281
9597,seclusion,3373,352111,348738
9598,shale,11674,352061,340387
9599,ensign,1892,352055,350163
9600,culminating,2172,352050,349878
9601,referendum,718845,352034,366811
9602,orkney,4620,352008,347388
9603,warwickshire,5009,351986,346977
9604,lazarus,24120,351978,327858
9605,broth,4078,351928,347850
9606,slang,6127,351905,345778
9607,macroeconomic,17490,351899,334409
9608,applauded,807,351883,351076
9609,filth,1615,351834,350219
9610,wolff,249069,351834,102765
9611,e.c.,35941,351822,315881
9612,fraudulent,3598,351712,348114
9613,biomass,11995,351703,339708
9614,570,236700,351661,114961
9615,expectancy,6002,351644,345642
9616,moorish,2375,351593,349218
9617,finch,16211,351486,335275
9618,torments,1105,351462,350357
9619,eisenhower,140472,351453,210981
9620,outsider,17745,351385,333640
9621,axle,1733,351381,349648
9622,gatt,143789,351379,207590
9623,barometer,2626,351358,348732
9624,evermore,616,351343,350727
9625,1s,163177,351326,188149
9626,retinal,7859,351299,343440
9627,playful,1434,351292,349858
9628,athletes,128692,351288,222596
9629,torches,161124,351278,190154
9630,tristram,18937,351273,332336
9631,fio,239814,351217,111403
9632,prejudiced,1960,351212,349252
9633,elicit,2878,351139,348261
9634,p2,120775,351081,230306
9635,investigator,5340,351072,345732
9636,gallows,791,351069,350278
9637,thriving,1378,351067,349689
9638,entreated,233,351053,350820
9639,falstaff,21861,351047,329186
9640,liberally,964,351009,350045
9641,arsenal,730894,350980,379914
9642,lass,10091,350961,340870
9643,frescoes,2284,350953,348669
9644,socialization,11274,350944,339670
9645,celebrations,79078,350914,271836
9646,ploughing,2363,350898,348535
9647,seizures,3889,350857,346968
9648,ache,52492,350844,298352
9649,schwartz,154773,350724,195951
9650,procurement,8704,350662,341958
9651,mica,262019,350659,88640
9652,therefrom,5548,350616,345068
9653,engendered,2733,350613,347880
9654,precipice,145041,350594,205553
9655,smashed,698,350470,349772
9656,permanence,1339222,350442,988780
9657,imitating,1720,350420,348700
9658,523,190828,350415,159587
9659,octavo,50208,350398,300190
9660,romano,212776,350334,137558
9661,lennox,20625,350263,329638
9662,kinase,31095,350239,319144
9663,substrates,7231,350213,342982
9664,converge,79481,350191,270710
9665,circumscribed,2384,350177,347793
9666,gratefully,2305,350174,347869
9667,falcon,44362,350165,305803
9668,exam,6830,350155,343325
9669,contextual,7583,350131,342548
9670,gladness,378,350131,349753
9671,colder,1947,350118,348171
9672,hooked,873,350074,349201
9673,fray,72235,350072,277837
9674,nae,15806,350046,334240
9675,hues,14502,350028,335526
9676,guido,145422,350011,204589
9677,prolong,3318,349996,346678
9678,intrinsically,2745,349991,347246
9679,detroit,795347,349935,445412
9680,tempore,209035,349931,140896
9681,emmanuel,921399,349918,571481
9682,exogenous,7832,349866,342034
9683,ry,50846,349861,299015
9684,meteorological,22110,349810,327700
9685,groundwater,7538,349763,342225
9686,overture,1413,349687,348274
9687,survivor,2439,349568,347129
9688,1603,109057,349514,240457
9689,valence,747187,349440,397747
9690,boulogne,762182,349380,412802
9691,inflated,1921,349361,347440
9692,amends,1838,349361,347523
9693,reservoirs,543959,349281,194678
9694,abbott,31539,349235,317696
9695,farthest,1469,349205,347736
9696,physic,7158,349168,342010
9697,cartesian,6626,349159,342533
9698,imagines,167952,349139,181187
9699,aisles,5552,349120,343568
9700,unheard,1453,349061,347608
9701,semper,208610,349016,140406
9702,proverbial,21162,348932,327770
9703,anton,143215,348926,205711
9704,inanimate,2241,348921,346680
9705,gravitational,6193,348898,342705
9706,anciently,315,348887,348572
9707,impotent,25064,348884,323820
9708,impediment,3096,348869,345773
9709,sham,6139,348864,342725
9710,hostages,3200,348860,345660
9711,glimpses,2497,348825,346328
9712,refractive,10419,348780,338361
9713,importing,5450,348775,343325
9714,canaan,47763,348755,300992
9715,clustered,1577,348737,347160
9716,tying,1867,348638,346771
9717,interacting,4945,348585,343640
9718,unwelcome,921,348569,347648
9719,tum,173061,348514,175453
9720,encyclopaedia,37227,348353,311126
9721,haul,16642,348296,331654
9722,ascetic,2087,348250,346163
9723,sanctified,655,348190,347535
9724,countryman,1364,348145,346781
9725,revolutionaries,3536,348122,344586
9726,rc,152858,348097,195239
9727,pursuant,13204,348044,334840
9728,triggered,3867,348019,344152
9729,prostate,182983,347989,165006
9730,tapering,1415,347986,346571
9731,undeniable,2728,347981,345253
9732,consular,32266,347955,315689
9733,chan,224419,347894,123475
9734,galley,23657,347892,324235
9735,lisa,59673,347880,288207
9736,jl,220220,347852,127632
9737,bute,117908,347842,229934
9738,lucid,2596,347838,345242
9739,airline,7921,347758,339837
9740,croft,11696,347753,336057
9741,riders,5083,347710,342627
9742,ceasing,1338,347642,346304
9743,kingship,5703,347633,341930
9744,actuated,1359,347580,346221
9745,proxy,15123,347533,332410
9746,liquors,4682,347511,342829
9747,sojourn,1886,347473,345587
9748,accessories,4096,347447,343351
9749,conspicuously,1903,347375,345472
9750,maturation,401215,347282,53933
9751,frighten,993,347276,346283
9752,marina,139755,347221,207466
9753,lopez,237374,347199,109825
9754,respectfully,2308,347173,344865
9755,shortening,5468,347137,341669
9756,glaze,2089,347126,345037
9757,notification,741754,347021,394733
9758,mutant,36841,346933,310092
9759,hogg,14486,346877,332391
9760,rarity,2084,346839,344755
9761,o'neill,28106,346815,318709
9762,abstracted,3354,346801,343447
9763,solidity,1417,346788,345371
9764,1642,141301,346760,205459
9765,vexation,49861,346723,296862
9766,dowager,637,346697,346060
9767,elegy,2271,346677,344406
9768,petrarch,2830,346610,343780
9769,staggered,1352,346596,345244
9770,filtering,5455,346493,341038
9771,courtship,2549,346464,343915
9772,purer,1660,346434,344774
9773,ev'ry,1072,346387,345315
9774,planks,1254,346365,345111
9775,1720,251425,346361,94936
9776,580,233993,346334,112341
9777,spokesman,3141,346306,343165
9778,puppet,4625,346290,341665
9779,vowed,452,346187,345735
9780,longmans,30336,346147,315811
9781,dryness,1634,346116,344482
9782,511,192488,346006,153518
9783,deepening,4402,345985,341583
9784,pers,157019,345935,188916
9785,ejected,1533,345854,344321
9786,reiterated,2087,345830,343743
9787,hertford,13020,345810,332790
9788,digits,8055,345804,337749
9789,dunn,33729,345794,312065
9790,cysts,4774,345788,341014
9791,hog,10077,345777,335700
9792,evangelists,1073,345734,344661
9793,mozambique,279660,345626,65966
9794,merge,5729,345567,339838
9795,receptive,35892,345533,309641
9796,outburst,1754,345492,343738
9797,trajan,192742,345461,152719
9798,poster,80923,345423,264500
9799,hazlitt,11223,345396,334173
9800,proficiency,4096,345389,341293
9801,cassius,110316,345360,235044
9802,cooperate,6024,345334,339310
9803,peaceable,1234,345310,344076
9804,9.3,58117,345309,287192
9805,dripping,2576,345303,342727
9806,aristophanes,3695,345293,341598
9807,ella,153819,345211,191392
9808,characterizes,5230,345176,339946
9809,sculptured,1406,345124,343718
9810,engraver,2210,345110,342900
9811,manages,3525,345109,341584
9812,aspiring,1485,345073,343588
9813,cui,485208,345050,140158
9814,hawaii,51005,345027,294022
9815,unspeakable,1713,345014,343301
9816,impetuous,715,344982,344267
9817,nuremberg,284160,344975,60815
9818,summarize,4727,344957,340230
9819,peep,6430,344926,338496
9820,blending,3581,344901,341320
9821,intercepted,1124,344878,343754
9822,oxfordshire,4865,344854,339989
9823,1771,305750,344799,39049
9824,529,193643,344777,151134
9825,leibniz,595854,344730,251124
9826,luxuriant,14363,344722,330359
9827,heron,139227,344670,205443
9828,shareholder,4879,344670,339791
9829,tomato,8926,344649,335723
9830,blackwood,13449,344520,331071
9831,abject,55419,344448,289029
9832,groans,740,344389,343649
9833,hester,10759,344375,333616
9834,ellipse,333011,344367,11356
9835,527,194365,344355,149990
9836,catharine,4815,344279,339464
9837,presiding,2903,344269,341366
9838,creeds,1635,344263,342628
9839,carnival,3489,344261,340772
9840,sparingly,679,344260,343581
9841,tangled,1427,344244,342817
9842,heats,2421,344228,341807
9843,tennessee,73974,344192,270218
9844,2-4,71183,344135,272952
9845,cv,279641,344084,64443
9846,animate,3625,344029,340404
9847,irritating,995,343965,342970
9848,collisions,108458,343929,235471
9849,jacobite,24158,343920,319762
9850,517,191050,343902,152852
9851,antiochus,76801,343870,267069
9852,sorely,568,343863,343295
9853,indonesian,12395,343807,331412
9854,supervised,3555,343804,340249
9855,apes,10171,343792,333621
9856,unconditional,3587,343784,340197
9857,xxxvii,189898,343725,153827
9858,eorum,303416,343714,40298
9859,barony,494,343671,343177
9860,cowardly,702,343649,342947
9861,lighthouse,3110,343630,340520
9862,repetitive,60442,343535,283093
9863,rake,5648,343487,337839
9864,piper,58727,343469,284742
9865,photon,57971,343444,285473
9866,regulator,4899,343407,338508
9867,indulgent,162465,343370,180905
9868,nautical,11092,343291,332199
9869,condemning,1779,343284,341505
9870,comforting,855,343266,342411
9871,inverness,13042,343265,330223
9872,1685,206028,343200,137172
9873,misconduct,3821,343148,339327
9874,cornea,15332,343099,327767
9875,cheltenham,12893,343092,330199
9876,omen,6117,343063,336946
9877,cuthbert,11471,343004,331533
9878,chick,14554,343000,328446
9879,theobald,37944,342922,304978
9880,cataloguing,4043,342890,338847
9881,mair,18190,342774,324584
9882,overflow,3268,342764,339496
9883,infirmity,882,342746,341864
9884,viewers,1901,342700,340799
9885,chronicler,1387,342657,341270
9886,curls,693,342640,341947
9887,tack,9007,342581,333574
9888,porters,2235,342564,340329
9889,corpuscles,2738,342554,339816
9890,dipole,25750,342455,316705
9891,evade,80922,342451,261529
9892,armaments,6208,342440,336232
9893,kevin,32128,342400,310272
9894,sinned,474,342235,341761
9895,sumptuous,890,342229,341339
9896,secreted,1761,342218,340457
9897,heredity,11080,342218,331138
9898,mats,320309,342192,21883
9899,commentator,4592,342190,337598
9900,stow,4763,342165,337402
9901,poisons,313341,342141,28800
9902,jargon,199177,342094,142917
9903,ko,226399,342087,115688
9904,albumin,4668,342042,337374
9905,1767,275990,341998,66008
9906,murmuring,688,341967,341279
9907,leopard,99474,341926,242452
9908,dormant,159500,341925,182425
9909,parrot,52938,341915,288977
9910,tucked,414,341914,341500
9911,bolshevik,3632,341906,338274
9912,nationalities,6984,341890,334906
9913,555,236579,341835,105256
9914,ezekiel,4472,341796,337324
9915,wyatt,14805,341751,326946
9916,piccadilly,10990,341705,330715
9917,impurity,6326,341687,335361
9918,514,191957,341656,149699
9919,katharine,6298,341616,335318
9920,sim,105340,341612,236272
9921,secundum,345388,341594,3794
9922,shabby,693,341509,340816
9923,conde,1101194,341500,759694
9924,fuck,5304,341489,336185
9925,545,211681,341466,129785
9926,ethnographic,8902,341465,332563
9927,acquiescence,3276,341455,338179
9928,despotic,1327,341449,340122
9929,punctuation,2544,341431,338887
9930,scissors,1302,341353,340051
9931,esters,62077,341311,279234
9932,receptacle,144589,341295,196706
9933,affixed,7239,341168,333929
9934,confederates,414,341121,340707
9935,brokers,13175,341087,327912
9936,paraphrase,147370,340945,193575
9937,pedestal,1886,340944,339058
9938,jurisdictions,26998,340936,313938
9939,panting,761,340902,340141
9940,unbelief,784,340898,340114
9941,antagonists,2271,340886,338615
9942,colliery,7821,340858,333037
9943,prostitutes,3071,340849,337778
9944,mahogany,4174,340848,336674
9945,godhead,599,340827,340228
9946,ambient,7994,340771,332777
9947,pigments,146719,340738,194019
9948,tutors,2286,340734,338448
9949,composure,361,340679,340318
9950,insulting,1179,340629,339450
9951,etiquette,632632,340582,292050
9952,leak,3514,340555,337041
9953,beaufort,201241,340547,139306
9954,seu,549329,340515,208814
9955,c2,116944,340494,223550
9956,turret,1408,340436,339028
9957,519,180596,340405,159809
9958,5.7,76350,340384,264034
9959,socioeconomic,7878,340379,332501
9960,dayes,3851,340343,336492
9961,forgery,3010,340319,337309
9962,metamorphosis,10024,340281,330257
9963,ribbons,1820,340251,338431
9964,fictions,304056,340202,36146
9965,mercenaries,1725,340147,338422
9966,polluted,3492,339941,336449
9967,interrogation,706904,339923,366981
9968,convened,3771,339883,336112
9969,clutch,1848,339843,337995
9970,olives,201106,339832,138726
9971,retailers,2023,339807,337784
9972,murderous,1173,339787,338614
9973,stump,4642,339786,335144
9974,pilate,121028,339779,218751
9975,yuan,91459,339764,248305
9976,puberty,3368,339727,336359
9977,522,191011,339719,148708
9978,harrington,34988,339649,304661
9979,1758,249877,339646,89769
9980,518,179910,339643,159733
9981,freemen,5227,339632,334405
9982,publ,261804,339620,77816
9983,sicut,307099,339606,32507
9984,freedoms,9600,339517,329917
9985,alum,5058,339501,334443
9986,guerrilla,7757,339476,331719
9987,omissions,179318,339467,160149
9988,barking,3441,339403,335962
9989,ecosystems,11770,339395,327625
9990,schubert,104760,339381,234621
9991,diminutive,5709,339345,333636
9992,mu,534666,339332,195334
9993,replaces,42897,339292,296395
9994,etching,7232,339282,332050
9995,patterson,40714,339204,298490
9996,informative,38656,339188,300532
9997,praising,1063,339185,338122
9998,bohemian,3193,339155,335962
9999,scars,2727,339069,336342
